ConState 0
	description first phase
	nextState 0
	transitionOn timeUp
	stateStance reverse
	time 0.500000


	trajectory root

		component
			rotationAxis -1.000000 0.000000 0.000000
			baseTrajectory
				0.000000 -0.003727
				0.010101 -0.015005
				0.020202 -0.015955
				0.030303 -0.017163
				0.040404 -0.018605
				0.050505 -0.020346
				0.060606 -0.022305
				0.070707 -0.024483
				0.080808 -0.026796
				0.090909 -0.029264
				0.101010 -0.031913
				0.111111 -0.034785
				0.121212 -0.037693
				0.131313 -0.040741
				0.141414 -0.043877
				0.151515 -0.046988
				0.161616 -0.050056
				0.171717 -0.053107
				0.181818 -0.056032
				0.191919 -0.058798
				0.202020 -0.061297
				0.212121 -0.063668
				0.222222 -0.065765
				0.232323 -0.067580
				0.242424 -0.069167
				0.252525 -0.070570
				0.262626 -0.071753
				0.272727 -0.072736
				0.282828 -0.073552
				0.292929 -0.074260
				0.303030 -0.074814
				0.313131 -0.075287
				0.323232 -0.075695
				0.333333 -0.076048
				0.343434 -0.076303
				0.353535 -0.076510
				0.363636 -0.076710
				0.373737 -0.076887
				0.383838 -0.077041
				0.393939 -0.077189
				0.404040 -0.077315
				0.414141 -0.077408
				0.424242 -0.077436
				0.434343 -0.077425
				0.444444 -0.077365
				0.454545 -0.077235
				0.464646 -0.077039
				0.474747 -0.076686
				0.484848 -0.076190
				0.494949 -0.075579
				0.505051 -0.074844
				0.515152 -0.073986
				0.525253 -0.073001
				0.535354 -0.071863
				0.545455 -0.070626
				0.555556 -0.069269
				0.565657 -0.067824
				0.575758 -0.066271
				0.585859 -0.064597
				0.595960 -0.062757
				0.606061 -0.060900
				0.616162 -0.059028
				0.626263 -0.057099
				0.636364 -0.055090
				0.646465 -0.052986
				0.656566 -0.050996
				0.666667 -0.049102
				0.676768 -0.047300
				0.686869 -0.045684
				0.696970 -0.044149
				0.707071 -0.042687
				0.717172 -0.041373
				0.727273 -0.040177
				0.737374 -0.039154
				0.747475 -0.038158
				0.757576 -0.037216
				0.767677 -0.036282
				0.777778 -0.035380
				0.787879 -0.034506
				0.797980 -0.033584
				0.808081 -0.032702
				0.818182 -0.031827
				0.828283 -0.030958
				0.838384 -0.030085
				0.848485 -0.029217
				0.858586 -0.028418
				0.868687 -0.027653
				0.878788 -0.026907
				0.888889 -0.026305
				0.898990 -0.025720
				0.909091 -0.025237
				0.919192 -0.024830
				0.929293 -0.024483
				0.939394 -0.024211
				0.949495 -0.024005
				0.959596 -0.023826
				0.969697 -0.023720
				0.979798 -0.023610
				0.989899 -0.023572
				1.000000 -0.023581
			/baseTrajectory
		/component

		component
			rotationAxis 0.000000 1.000000 0.000000
			baseTrajectory
				0.000000 -0.111211
				0.010101 -0.104213
				0.020202 -0.105539
				0.030303 -0.106686
				0.040404 -0.107633
				0.050505 -0.108352
				0.060606 -0.108917
				0.070707 -0.109319
				0.080808 -0.109574
				0.090909 -0.109700
				0.101010 -0.109703
				0.111111 -0.109616
				0.121212 -0.109453
				0.131313 -0.109232
				0.141414 -0.108983
				0.151515 -0.108716
				0.161616 -0.108454
				0.171717 -0.108206
				0.181818 -0.107977
				0.191919 -0.107780
				0.202020 -0.107619
				0.212121 -0.107494
				0.222222 -0.107403
				0.232323 -0.107341
				0.242424 -0.107301
				0.252525 -0.107279
				0.262626 -0.107275
				0.272727 -0.107288
				0.282828 -0.107316
				0.292929 -0.107359
				0.303030 -0.107417
				0.313131 -0.107497
				0.323232 -0.107604
				0.333333 -0.107739
				0.343434 -0.107897
				0.353535 -0.108082
				0.363636 -0.108279
				0.373737 -0.108484
				0.383838 -0.108691
				0.393939 -0.108888
				0.404040 -0.109047
				0.414141 -0.109146
				0.424242 -0.109161
				0.434343 -0.109082
				0.444444 -0.108883
				0.454545 -0.108554
				0.464646 -0.108063
				0.474747 -0.107387
				0.484848 -0.106510
				0.494949 -0.105444
				0.505051 -0.104188
				0.515152 -0.102721
				0.525253 -0.101024
				0.535354 -0.099095
				0.545455 -0.096949
				0.555556 -0.094608
				0.565657 -0.092067
				0.575758 -0.089326
				0.585859 -0.086375
				0.595960 -0.083217
				0.606061 -0.079909
				0.616162 -0.076482
				0.626263 -0.072905
				0.636364 -0.069197
				0.646465 -0.065319
				0.656566 -0.061320
				0.666667 -0.057211
				0.676768 -0.053030
				0.686869 -0.048768
				0.696970 -0.044404
				0.707071 -0.039959
				0.717172 -0.035469
				0.727273 -0.030888
				0.737374 -0.026312
				0.747475 -0.021709
				0.757576 -0.017095
				0.767677 -0.012430
				0.777778 -0.007771
				0.787879 -0.003160
				0.797980 0.001494
				0.808081 0.006092
				0.818182 0.010594
				0.828283 0.015050
				0.838384 0.019401
				0.848485 0.023645
				0.858586 0.027723
				0.868687 0.031642
				0.878788 0.035459
				0.888889 0.039049
				0.898990 0.042539
				0.909091 0.045893
				0.919192 0.049086
				0.929293 0.052166
				0.939394 0.055111
				0.949495 0.057963
				0.959596 0.060747
				0.969697 0.063422
				0.979798 0.066031
				0.989899 0.068464
				1.000000 0.070753
			/baseTrajectory
		/component

		component
			rotationAxis 0.000000 0.000000 1.000000
			baseTrajectory
				0.000000 -0.072077
				0.010101 -0.074997
				0.020202 -0.071298
				0.030303 -0.067480
				0.040404 -0.063599
				0.050505 -0.059624
				0.060606 -0.055543
				0.070707 -0.051307
				0.080808 -0.046918
				0.090909 -0.042353
				0.101010 -0.037588
				0.111111 -0.032639
				0.121212 -0.027470
				0.131313 -0.022040
				0.141414 -0.016401
				0.151515 -0.010485
				0.161616 -0.004332
				0.171717 0.002029
				0.181818 0.008611
				0.191919 0.015336
				0.202020 0.022169
				0.212121 0.029069
				0.222222 0.035962
				0.232323 0.042798
				0.242424 0.049494
				0.252525 0.056000
				0.262626 0.062214
				0.272727 0.068057
				0.282828 0.073525
				0.292929 0.078570
				0.303030 0.083156
				0.313131 0.087272
				0.323232 0.090933
				0.333333 0.094110
				0.343434 0.096800
				0.353535 0.099066
				0.363636 0.100979
				0.373737 0.102518
				0.383838 0.103710
				0.393939 0.104566
				0.404040 0.105118
				0.414141 0.105343
				0.424242 0.105312
				0.434343 0.105073
				0.444444 0.104650
				0.454545 0.103984
				0.464646 0.103147
				0.474747 0.102157
				0.484848 0.101078
				0.494949 0.099924
				0.505051 0.098745
				0.515152 0.097530
				0.525253 0.096306
				0.535354 0.095080
				0.545455 0.093941
				0.555556 0.092872
				0.565657 0.091897
				0.575758 0.091005
				0.585859 0.090241
				0.595960 0.089607
				0.606061 0.089168
				0.616162 0.088919
				0.626263 0.088869
				0.636364 0.089002
				0.646465 0.089339
				0.656566 0.089927
				0.666667 0.090771
				0.676768 0.091846
				0.686869 0.093177
				0.696970 0.094720
				0.707071 0.096469
				0.717172 0.098432
				0.727273 0.100583
				0.737374 0.102922
				0.747475 0.105394
				0.757576 0.107985
				0.767677 0.110668
				0.777778 0.113419
				0.787879 0.116220
				0.797980 0.119014
				0.808081 0.121781
				0.818182 0.124484
				0.828283 0.127070
				0.838384 0.129514
				0.848485 0.131767
				0.858586 0.133808
				0.868687 0.135590
				0.878788 0.137074
				0.888889 0.138283
				0.898990 0.139140
				0.909091 0.139667
				0.919192 0.139863
				0.929293 0.139654
				0.939394 0.139081
				0.949495 0.138107
				0.959596 0.136742
				0.969697 0.134977
				0.979798 0.132806
				0.989899 0.130295
				1.000000 0.127429
			/baseTrajectory
		/component
	/trajectory

	trajectory SWING_hip

		component
			rotationAxis -1.000000 0.000000 0.000000
			baseTrajectory
				0.000000 -0.299940
				0.010101 -0.273564
				0.020202 -0.275153
				0.030303 -0.275753
				0.040404 -0.275325
				0.050505 -0.273721
				0.060606 -0.270985
				0.070707 -0.267037
				0.080808 -0.261920
				0.090909 -0.255551
				0.101010 -0.247878
				0.111111 -0.238842
				0.121212 -0.228591
				0.131313 -0.217013
				0.141414 -0.204173
				0.151515 -0.190194
				0.161616 -0.175137
				0.171717 -0.159024
				0.181818 -0.142038
				0.191919 -0.124284
				0.202020 -0.105966
				0.212121 -0.087017
				0.222222 -0.067694
				0.232323 -0.048109
				0.242424 -0.028297
				0.252525 -0.008290
				0.262626 0.011776
				0.272727 0.031835
				0.282828 0.051858
				0.292929 0.071841
				0.303030 0.091666
				0.313131 0.111362
				0.323232 0.130915
				0.333333 0.150275
				0.343434 0.169336
				0.353535 0.188135
				0.363636 0.206702
				0.373737 0.224975
				0.383838 0.242926
				0.393939 0.260533
				0.404040 0.277759
				0.414141 0.294542
				0.424242 0.310838
				0.434343 0.326666
				0.444444 0.341994
				0.454545 0.356745
				0.464646 0.370922
				0.474747 0.384402
				0.484848 0.397205
				0.494949 0.409348
				0.505051 0.420812
				0.515152 0.431590
				0.525253 0.441675
				0.535354 0.451022
				0.545455 0.459735
				0.555556 0.467776
				0.565657 0.475187
				0.575758 0.481934
				0.585859 0.488026
				0.595960 0.493416
				0.606061 0.498302
				0.616162 0.502692
				0.626263 0.506550
				0.636364 0.509841
				0.646465 0.512558
				0.656566 0.514974
				0.666667 0.517082
				0.676768 0.518892
				0.686869 0.520536
				0.696970 0.521881
				0.707071 0.522950
				0.717172 0.523862
				0.727273 0.524595
				0.737374 0.525272
				0.747475 0.525735
				0.757576 0.526064
				0.767677 0.526231
				0.777778 0.526326
				0.787879 0.526402
				0.797980 0.526389
				0.808081 0.526425
				0.818182 0.526540
				0.828283 0.526742
				0.838384 0.527057
				0.848485 0.527504
				0.858586 0.528173
				0.868687 0.529002
				0.878788 0.529959
				0.888889 0.531186
				0.898990 0.532518
				0.909091 0.534005
				0.919192 0.535604
				0.929293 0.537224
				0.939394 0.538867
				0.949495 0.540474
				0.959596 0.542005
				0.969697 0.543492
				0.979798 0.544858
				0.989899 0.546187
				1.000000 0.547449
			/baseTrajectory
		/component

		component
			rotationAxis 0.000000 1.000000 0.000000
			baseTrajectory
				0.000000 -0.104708
				0.010101 -0.115922
				0.020202 -0.115606
				0.030303 -0.114922
				0.040404 -0.113858
				0.050505 -0.112483
				0.060606 -0.110609
				0.070707 -0.108320
				0.080808 -0.105624
				0.090909 -0.102517
				0.101010 -0.098961
				0.111111 -0.094869
				0.121212 -0.090472
				0.131313 -0.085718
				0.141414 -0.080561
				0.151515 -0.075208
				0.161616 -0.069643
				0.171717 -0.063847
				0.181818 -0.057946
				0.191919 -0.051944
				0.202020 -0.045931
				0.212121 -0.039849
				0.222222 -0.033802
				0.232323 -0.027824
				0.242424 -0.021914
				0.252525 -0.016114
				0.262626 -0.010484
				0.272727 -0.005026
				0.282828 0.000192
				0.292929 0.005152
				0.303030 0.009805
				0.313131 0.014143
				0.323232 0.018126
				0.333333 0.021760
				0.343434 0.025007
				0.353535 0.027867
				0.363636 0.030319
				0.373737 0.032382
				0.383838 0.034061
				0.393939 0.035357
				0.404040 0.036268
				0.414141 0.036786
				0.424242 0.036911
				0.434343 0.036671
				0.444444 0.036080
				0.454545 0.035167
				0.464646 0.033919
				0.474747 0.032330
				0.484848 0.030432
				0.494949 0.028277
				0.505051 0.025920
				0.515152 0.023348
				0.525253 0.020573
				0.535354 0.017612
				0.545455 0.014516
				0.555556 0.011329
				0.565657 0.008063
				0.575758 0.004715
				0.585859 0.001273
				0.595960 -0.002280
				0.606061 -0.005837
				0.616162 -0.009401
				0.626263 -0.013030
				0.636364 -0.016746
				0.646465 -0.020614
				0.656566 -0.024565
				0.666667 -0.028650
				0.676768 -0.032892
				0.686869 -0.037351
				0.696970 -0.042119
				0.707071 -0.047237
				0.717172 -0.052789
				0.727273 -0.058891
				0.737374 -0.065561
				0.747475 -0.072922
				0.757576 -0.081055
				0.767677 -0.090076
				0.777778 -0.099962
				0.787879 -0.110672
				0.797980 -0.122396
				0.808081 -0.134787
				0.818182 -0.147844
				0.828283 -0.161461
				0.838384 -0.175440
				0.848485 -0.189561
				0.858586 -0.203479
				0.868687 -0.216926
				0.878788 -0.229836
				0.888889 -0.241633
				0.898990 -0.252538
				0.909091 -0.262106
				0.919192 -0.270162
				0.929293 -0.276592
				0.939394 -0.281215
				0.949495 -0.284052
				0.959596 -0.285237
				0.969697 -0.284655
				0.979798 -0.282553
				0.989899 -0.278624
				1.000000 -0.273102
			/baseTrajectory
		/component

		component
			rotationAxis 0.000000 0.000000 1.000000
			baseTrajectory
				0.000000 0.064340
				0.010101 0.077890
				0.020202 0.071154
				0.030303 0.064471
				0.040404 0.057913
				0.050505 0.051471
				0.060606 0.045133
				0.070707 0.038848
				0.080808 0.032607
				0.090909 0.026402
				0.101010 0.020226
				0.111111 0.014117
				0.121212 0.007967
				0.131313 0.001775
				0.141414 -0.004412
				0.151515 -0.010719
				0.161616 -0.017101
				0.171717 -0.023517
				0.181818 -0.030021
				0.191919 -0.036534
				0.202020 -0.043051
				0.212121 -0.049492
				0.222222 -0.055822
				0.232323 -0.061993
				0.242424 -0.067909
				0.252525 -0.073515
				0.262626 -0.078725
				0.272727 -0.083451
				0.282828 -0.087712
				0.292929 -0.091455
				0.303030 -0.094674
				0.313131 -0.097357
				0.323232 -0.099552
				0.333333 -0.101224
				0.343434 -0.102394
				0.353535 -0.103133
				0.363636 -0.103551
				0.373737 -0.103614
				0.383838 -0.103355
				0.393939 -0.102781
				0.404040 -0.101937
				0.414141 -0.100788
				0.424242 -0.099440
				0.434343 -0.097941
				0.444444 -0.096314
				0.454545 -0.094460
				0.464646 -0.092485
				0.474747 -0.090440
				0.484848 -0.088395
				0.494949 -0.086343
				0.505051 -0.084337
				0.515152 -0.082362
				0.525253 -0.080461
				0.535354 -0.078649
				0.545455 -0.077023
				0.555556 -0.075547
				0.565657 -0.074243
				0.575758 -0.073107
				0.585859 -0.072217
				0.595960 -0.071589
				0.606061 -0.071239
				0.616162 -0.071163
				0.626263 -0.071404
				0.636364 -0.071949
				0.646465 -0.072854
				0.656566 -0.074112
				0.666667 -0.075737
				0.676768 -0.077685
				0.686869 -0.079988
				0.696970 -0.082629
				0.707071 -0.085586
				0.717172 -0.088854
				0.727273 -0.092425
				0.737374 -0.096251
				0.747475 -0.100309
				0.757576 -0.104564
				0.767677 -0.109004
				0.777778 -0.113558
				0.787879 -0.118172
				0.797980 -0.122846
				0.808081 -0.127438
				0.818182 -0.131904
				0.828283 -0.136186
				0.838384 -0.140232
				0.848485 -0.143974
				0.858586 -0.147342
				0.868687 -0.150293
				0.878788 -0.152846
				0.888889 -0.154921
				0.898990 -0.156587
				0.909091 -0.157820
				0.919192 -0.158633
				0.929293 -0.158960
				0.939394 -0.158841
				0.949495 -0.158259
				0.959596 -0.157262
				0.969697 -0.155786
				0.979798 -0.153873
				0.989899 -0.151467
				1.000000 -0.148562
			/baseTrajectory
		/component
	/trajectory

	trajectory STANCE_hip

		component
			rotationAxis -1.000000 0.000000 0.000000
			baseTrajectory
				0.000000 0.486142
				0.010101 0.493313
				0.020202 0.494499
				0.030303 0.496052
				0.040404 0.497957
				0.050505 0.500270
				0.060606 0.502881
				0.070707 0.505730
				0.080808 0.508752
				0.090909 0.511915
				0.101010 0.515216
				0.111111 0.518658
				0.121212 0.522000
				0.131313 0.525307
				0.141414 0.528494
				0.151515 0.531415
				0.161616 0.534010
				0.171717 0.536259
				0.181818 0.538009
				0.191919 0.539200
				0.202020 0.539682
				0.212121 0.539553
				0.222222 0.538632
				0.232323 0.536886
				0.242424 0.534327
				0.252525 0.530992
				0.262626 0.526820
				0.272727 0.521809
				0.282828 0.515994
				0.292929 0.509442
				0.303030 0.502119
				0.313131 0.494108
				0.323232 0.485453
				0.333333 0.476184
				0.343434 0.466278
				0.353535 0.455825
				0.363636 0.444924
				0.373737 0.433584
				0.383838 0.421846
				0.393939 0.409754
				0.404040 0.397344
				0.414141 0.384641
				0.424242 0.371643
				0.434343 0.358412
				0.444444 0.344975
				0.454545 0.331319
				0.464646 0.317517
				0.474747 0.303460
				0.484848 0.289226
				0.494949 0.274834
				0.505051 0.260254
				0.515152 0.245547
				0.525253 0.230764
				0.535354 0.215848
				0.545455 0.200933
				0.555556 0.185905
				0.565657 0.170888
				0.575758 0.155805
				0.585859 0.140745
				0.595960 0.125675
				0.606061 0.110766
				0.616162 0.095976
				0.626263 0.081297
				0.636364 0.066652
				0.646465 0.052119
				0.656566 0.037892
				0.666667 0.023980
				0.676768 0.010307
				0.686869 -0.002987
				0.696970 -0.016064
				0.707071 -0.028923
				0.717172 -0.041450
				0.727273 -0.053690
				0.737374 -0.065608
				0.747475 -0.077356
				0.757576 -0.088918
				0.767677 -0.100346
				0.777778 -0.111630
				0.787879 -0.122762
				0.797980 -0.133829
				0.808081 -0.144745
				0.818182 -0.155526
				0.828283 -0.166163
				0.838384 -0.176666
				0.848485 -0.186997
				0.858586 -0.197053
				0.868687 -0.206843
				0.878788 -0.216362
				0.888889 -0.225430
				0.898990 -0.234176
				0.909091 -0.242473
				0.919192 -0.250321
				0.929293 -0.257679
				0.939394 -0.264511
				0.949495 -0.270769
				0.959596 -0.276499
				0.969697 -0.281586
				0.979798 -0.286097
				0.989899 -0.289889
				1.000000 -0.292948
			/baseTrajectory
		/component

		component
			rotationAxis 0.000000 -1.000000 0.000000
			baseTrajectory
				0.000000 -0.251005
				0.010101 -0.242579
				0.020202 -0.235976
				0.030303 -0.229122
				0.040404 -0.222090
				0.050505 -0.214982
				0.060606 -0.207992
				0.070707 -0.201054
				0.080808 -0.194398
				0.090909 -0.187976
				0.101010 -0.181787
				0.111111 -0.175764
				0.121212 -0.170008
				0.131313 -0.164486
				0.141414 -0.159185
				0.151515 -0.154260
				0.161616 -0.149719
				0.171717 -0.145482
				0.181818 -0.141680
				0.191919 -0.138329
				0.202020 -0.135522
				0.212121 -0.133152
				0.222222 -0.131277
				0.232323 -0.129896
				0.242424 -0.128896
				0.252525 -0.128260
				0.262626 -0.127934
				0.272727 -0.127795
				0.282828 -0.127833
				0.292929 -0.127969
				0.303030 -0.128162
				0.313131 -0.128344
				0.323232 -0.128481
				0.333333 -0.128505
				0.343434 -0.128386
				0.353535 -0.128125
				0.363636 -0.127741
				0.373737 -0.127191
				0.383838 -0.126468
				0.393939 -0.125573
				0.404040 -0.124511
				0.414141 -0.123318
				0.424242 -0.121981
				0.434343 -0.120536
				0.444444 -0.119002
				0.454545 -0.117352
				0.464646 -0.115683
				0.474747 -0.113970
				0.484848 -0.112278
				0.494949 -0.110595
				0.505051 -0.108838
				0.515152 -0.107128
				0.525253 -0.105505
				0.535354 -0.103909
				0.545455 -0.102450
				0.555556 -0.100967
				0.565657 -0.099590
				0.575758 -0.098223
				0.585859 -0.096994
				0.595960 -0.095960
				0.606061 -0.095101
				0.616162 -0.094353
				0.626263 -0.093726
				0.636364 -0.093134
				0.646465 -0.092659
				0.656566 -0.092184
				0.666667 -0.091746
				0.676768 -0.091246
				0.686869 -0.090651
				0.696970 -0.089847
				0.707071 -0.088859
				0.717172 -0.087717
				0.727273 -0.086321
				0.737374 -0.084721
				0.747475 -0.082897
				0.757576 -0.080809
				0.767677 -0.078362
				0.777778 -0.075581
				0.787879 -0.072560
				0.797980 -0.069129
				0.808081 -0.065374
				0.818182 -0.061374
				0.828283 -0.057074
				0.838384 -0.052559
				0.848485 -0.047873
				0.858586 -0.043153
				0.868687 -0.038414
				0.878788 -0.033575
				0.888889 -0.028883
				0.898990 -0.024223
				0.909091 -0.019663
				0.919192 -0.015241
				0.929293 -0.010984
				0.939394 -0.006923
				0.949495 -0.003019
				0.959596 0.000741
				0.969697 0.004275
				0.979798 0.007707
				0.989899 0.010927
				1.000000 0.013989
			/baseTrajectory
		/component

		component
			rotationAxis 0.000000 0.000000 -1.000000
			baseTrajectory
				0.000000 -0.108024
				0.010101 -0.102415
				0.020202 -0.098091
				0.030303 -0.093629
				0.040404 -0.089063
				0.050505 -0.084341
				0.060606 -0.079484
				0.070707 -0.074405
				0.080808 -0.069136
				0.090909 -0.063638
				0.101010 -0.057882
				0.111111 -0.051884
				0.121212 -0.045602
				0.131313 -0.039000
				0.141414 -0.032138
				0.151515 -0.024958
				0.161616 -0.017509
				0.171717 -0.009812
				0.181818 -0.001869
				0.191919 0.006234
				0.202020 0.014450
				0.212121 0.022739
				0.222222 0.031026
				0.232323 0.039260
				0.242424 0.047368
				0.252525 0.055289
				0.262626 0.062933
				0.272727 0.070233
				0.282828 0.077180
				0.292929 0.083729
				0.303030 0.089855
				0.313131 0.095544
				0.323232 0.100815
				0.333333 0.105642
				0.343434 0.110034
				0.353535 0.114042
				0.363636 0.117734
				0.373737 0.121093
				0.383838 0.124141
				0.393939 0.126881
				0.404040 0.129346
				0.414141 0.131502
				0.424242 0.133430
				0.434343 0.135164
				0.444444 0.136724
				0.454545 0.138039
				0.464646 0.139172
				0.474747 0.140152
				0.484848 0.141033
				0.494949 0.141820
				0.505051 0.142571
				0.515152 0.143242
				0.525253 0.143857
				0.535354 0.144432
				0.545455 0.145038
				0.555556 0.145671
				0.565657 0.146324
				0.575758 0.146994
				0.585859 0.147717
				0.595960 0.148484
				0.606061 0.149354
				0.616162 0.150331
				0.626263 0.151410
				0.636364 0.152589
				0.646465 0.153865
				0.656566 0.155289
				0.666667 0.156854
				0.676768 0.158543
				0.686869 0.160373
				0.696970 0.162306
				0.707071 0.164331
				0.717172 0.166441
				0.727273 0.168597
				0.737374 0.170807
				0.747475 0.173013
				0.757576 0.175195
				0.767677 0.177313
				0.777778 0.179353
				0.787879 0.181296
				0.797980 0.183060
				0.808081 0.184649
				0.818182 0.186028
				0.828283 0.187134
				0.838384 0.187958
				0.848485 0.188454
				0.858586 0.188616
				0.868687 0.188411
				0.878788 0.187795
				0.888889 0.186834
				0.898990 0.185433
				0.909091 0.183643
				0.919192 0.181488
				0.929293 0.178882
				0.939394 0.175896
				0.949495 0.172491
				0.959596 0.168682
				0.969697 0.164483
				0.979798 0.159891
				0.989899 0.155020
				1.000000 0.149858
			/baseTrajectory
		/component
	/trajectory

	trajectory SWING_knee

		component
			rotationAxis -1.000000 0.000000 0.000000
			baseTrajectory
				0.000000 -0.232637
				0.010101 -0.231188
				0.020202 -0.241829
				0.030303 -0.253441
				0.040404 -0.266107
				0.050505 -0.279916
				0.060606 -0.294907
				0.070707 -0.311168
				0.080808 -0.328742
				0.090909 -0.347686
				0.101010 -0.367993
				0.111111 -0.389640
				0.121212 -0.412668
				0.131313 -0.437029
				0.141414 -0.462668
				0.151515 -0.489528
				0.161616 -0.517501
				0.171717 -0.546453
				0.181818 -0.576234
				0.191919 -0.606684
				0.202020 -0.637621
				0.212121 -0.668862
				0.222222 -0.700204
				0.232323 -0.731433
				0.242424 -0.762361
				0.252525 -0.792812
				0.262626 -0.822586
				0.272727 -0.851511
				0.282828 -0.879439
				0.292929 -0.906229
				0.303030 -0.931738
				0.313131 -0.955858
				0.323232 -0.978508
				0.333333 -0.999579
				0.343434 -1.018983
				0.353535 -1.036684
				0.363636 -1.052672
				0.373737 -1.066892
				0.383838 -1.079332
				0.393939 -1.089967
				0.404040 -1.098815
				0.414141 -1.105853
				0.424242 -1.111127
				0.434343 -1.114673
				0.444444 -1.116521
				0.454545 -1.116652
				0.464646 -1.115122
				0.474747 -1.111966
				0.484848 -1.107243
				0.494949 -1.100980
				0.505051 -1.093223
				0.515152 -1.084000
				0.525253 -1.073353
				0.535354 -1.061310
				0.545455 -1.047952
				0.555556 -1.033310
				0.565657 -1.017408
				0.575758 -1.000281
				0.585859 -0.981971
				0.595960 -0.962512
				0.606061 -0.941966
				0.616162 -0.920364
				0.626263 -0.897744
				0.636364 -0.874134
				0.646465 -0.849561
				0.656566 -0.824108
				0.666667 -0.797817
				0.676768 -0.770746
				0.686869 -0.742972
				0.696970 -0.714522
				0.707071 -0.685487
				0.717172 -0.655974
				0.727273 -0.626074
				0.737374 -0.595941
				0.747475 -0.565671
				0.757576 -0.535439
				0.767677 -0.505396
				0.777778 -0.475740
				0.787879 -0.446678
				0.797980 -0.418394
				0.808081 -0.391048
				0.818182 -0.364884
				0.828283 -0.340074
				0.838384 -0.316810
				0.848485 -0.295236
				0.858586 -0.275495
				0.868687 -0.257671
				0.878788 -0.241875
				0.888889 -0.228155
				0.898990 -0.216613
				0.909091 -0.207211
				0.919192 -0.199960
				0.929293 -0.194761
				0.939394 -0.191579
				0.949495 -0.190304
				0.959596 -0.190921
				0.969697 -0.193291
				0.979798 -0.197366
				0.989899 -0.202973
				1.000000 -0.209996
			/baseTrajectory
		/component
	/trajectory

	trajectory SWING_ankle

		component
			rotationAxis -0.979126 -0.174022 -0.105014
			baseTrajectory
				0.000000 0.249616
				0.010101 0.242428
				0.020202 0.232022
				0.030303 0.220047
				0.040404 0.206458
				0.050505 0.190972
				0.060606 0.173641
				0.070707 0.154448
				0.080808 0.133403
				0.090909 0.110481
				0.101010 0.085733
				0.111111 0.059333
				0.121212 0.031418
				0.131313 0.002147
				0.141414 -0.028027
				0.151515 -0.058846
				0.161616 -0.089915
				0.171717 -0.120815
				0.181818 -0.151108
				0.191919 -0.180316
				0.202020 -0.207997
				0.212121 -0.233765
				0.222222 -0.257195
				0.232323 -0.278018
				0.242424 -0.295962
				0.252525 -0.310882
				0.262626 -0.322659
				0.272727 -0.331228
				0.282828 -0.336641
				0.292929 -0.339011
				0.303030 -0.338433
				0.313131 -0.335142
				0.323232 -0.329279
				0.333333 -0.321172
				0.343434 -0.311065
				0.353535 -0.299277
				0.363636 -0.285980
				0.373737 -0.271534
				0.383838 -0.256208
				0.393939 -0.240352
				0.404040 -0.224134
				0.414141 -0.208018
				0.424242 -0.191935
				0.434343 -0.176098
				0.444444 -0.160633
				0.454545 -0.145876
				0.464646 -0.131851
				0.474747 -0.118506
				0.484848 -0.105847
				0.494949 -0.093968
				0.505051 -0.082605
				0.515152 -0.072061
				0.525253 -0.062278
				0.535354 -0.053144
				0.545455 -0.044599
				0.555556 -0.036491
				0.565657 -0.028930
				0.575758 -0.021789
				0.585859 -0.015048
				0.595960 -0.008727
				0.606061 -0.002729
				0.616162 0.003010
				0.626263 0.008461
				0.636364 0.013740
				0.646465 0.018763
				0.656566 0.023553
				0.666667 0.028074
				0.676768 0.032397
				0.686869 0.036498
				0.696970 0.040439
				0.707071 0.044208
				0.717172 0.047844
				0.727273 0.051349
				0.737374 0.054777
				0.747475 0.058164
				0.757576 0.061564
				0.767677 0.065041
				0.777778 0.068590
				0.787879 0.072232
				0.797980 0.076048
				0.808081 0.079911
				0.818182 0.083871
				0.828283 0.087851
				0.838384 0.091882
				0.848485 0.095849
				0.858586 0.099614
				0.868687 0.103124
				0.878788 0.106337
				0.888889 0.109061
				0.898990 0.111280
				0.909091 0.112840
				0.919192 0.113709
				0.929293 0.113603
				0.939394 0.112526
				0.949495 0.110267
				0.959596 0.106856
				0.969697 0.102021
				0.979798 0.095850
				0.989899 0.088234
				1.000000 0.079111
			/baseTrajectory
		/component
	/trajectory

	trajectory SWING_subtalar

		component
			rotationAxis 0.120949 0.604747 0.787180
			baseTrajectory
				0.000000 0.084673
				0.010101 0.090104
				0.020202 0.091471
				0.030303 0.091238
				0.040404 0.089339
				0.050505 0.085580
				0.060606 0.079955
				0.070707 0.072610
				0.080808 0.063598
				0.090909 0.052885
				0.101010 0.040434
				0.111111 0.026111
				0.121212 0.010536
				0.131313 -0.006499
				0.141414 -0.024860
				0.151515 -0.044032
				0.161616 -0.063920
				0.171717 -0.084452
				0.181818 -0.105147
				0.191919 -0.125877
				0.202020 -0.146218
				0.212121 -0.166424
				0.222222 -0.185999
				0.232323 -0.204796
				0.242424 -0.222893
				0.252525 -0.240280
				0.262626 -0.256795
				0.272727 -0.272488
				0.282828 -0.287328
				0.292929 -0.301386
				0.303030 -0.314439
				0.313131 -0.326586
				0.323232 -0.337672
				0.333333 -0.347680
				0.343434 -0.356504
				0.353535 -0.364179
				0.363636 -0.370462
				0.373737 -0.375328
				0.383838 -0.378811
				0.393939 -0.381017
				0.404040 -0.381926
				0.414141 -0.381844
				0.424242 -0.380594
				0.434343 -0.378251
				0.444444 -0.374899
				0.454545 -0.371105
				0.464646 -0.366912
				0.474747 -0.362215
				0.484848 -0.357097
				0.494949 -0.351776
				0.505051 -0.346158
				0.515152 -0.340709
				0.525253 -0.335479
				0.535354 -0.330486
				0.545455 -0.325633
				0.555556 -0.320937
				0.565657 -0.316656
				0.575758 -0.312761
				0.585859 -0.309178
				0.595960 -0.305909
				0.606061 -0.302868
				0.616162 -0.300037
				0.626263 -0.297381
				0.636364 -0.294805
				0.646465 -0.292268
				0.656566 -0.289742
				0.666667 -0.287142
				0.676768 -0.284444
				0.686869 -0.281483
				0.696970 -0.278121
				0.707071 -0.274339
				0.717172 -0.269791
				0.727273 -0.264322
				0.737374 -0.257711
				0.747475 -0.249816
				0.757576 -0.240413
				0.767677 -0.229161
				0.777778 -0.216151
				0.787879 -0.201454
				0.797980 -0.184497
				0.808081 -0.166046
				0.818182 -0.145957
				0.828283 -0.124590
				0.838384 -0.102142
				0.848485 -0.079050
				0.858586 -0.056050
				0.868687 -0.033560
				0.878788 -0.011599
				0.888889 0.008611
				0.898990 0.027306
				0.909091 0.043685
				0.919192 0.057542
				0.929293 0.068264
				0.939394 0.075672
				0.949495 0.079564
				0.959596 0.080227
				0.969697 0.077090
				0.979798 0.070772
				0.989899 0.060863
				1.000000 0.047572
			/baseTrajectory
		/component
	/trajectory

	trajectory STANCE_knee

		component
			rotationAxis -1.000000 0.000000 0.000000
			baseTrajectory
				0.000000 -0.121206
				0.010101 -0.120118
				0.020202 -0.129174
				0.030303 -0.139266
				0.040404 -0.150268
				0.050505 -0.162002
				0.060606 -0.174369
				0.070707 -0.187153
				0.080808 -0.200330
				0.090909 -0.213736
				0.101010 -0.227256
				0.111111 -0.240781
				0.121212 -0.254216
				0.131313 -0.267454
				0.141414 -0.280435
				0.151515 -0.293104
				0.161616 -0.305396
				0.171717 -0.317209
				0.181818 -0.328490
				0.191919 -0.339199
				0.202020 -0.349283
				0.212121 -0.358635
				0.222222 -0.367220
				0.232323 -0.374995
				0.242424 -0.381868
				0.252525 -0.387806
				0.262626 -0.392783
				0.272727 -0.396747
				0.282828 -0.399684
				0.292929 -0.401592
				0.303030 -0.402490
				0.313131 -0.402372
				0.323232 -0.401268
				0.333333 -0.399205
				0.343434 -0.396228
				0.353535 -0.392372
				0.363636 -0.387711
				0.373737 -0.382294
				0.383838 -0.376186
				0.393939 -0.369438
				0.404040 -0.362133
				0.414141 -0.354354
				0.424242 -0.346148
				0.434343 -0.337566
				0.444444 -0.328680
				0.454545 -0.319526
				0.464646 -0.310221
				0.474747 -0.300750
				0.484848 -0.291215
				0.494949 -0.281598
				0.505051 -0.271864
				0.515152 -0.262124
				0.525253 -0.252475
				0.535354 -0.242878
				0.545455 -0.233438
				0.555556 -0.224016
				0.565657 -0.214759
				0.575758 -0.205593
				0.585859 -0.196689
				0.595960 -0.188080
				0.606061 -0.179777
				0.616162 -0.171707
				0.626263 -0.163946
				0.636364 -0.156425
				0.646465 -0.149315
				0.656566 -0.142553
				0.666667 -0.136201
				0.676768 -0.130142
				0.686869 -0.124450
				0.696970 -0.119072
				0.707071 -0.114025
				0.717172 -0.109374
				0.727273 -0.105117
				0.737374 -0.101206
				0.747475 -0.097671
				0.757576 -0.094495
				0.767677 -0.091695
				0.777778 -0.089231
				0.787879 -0.087118
				0.797980 -0.085373
				0.808081 -0.083952
				0.818182 -0.082875
				0.828283 -0.082159
				0.838384 -0.081789
				0.848485 -0.081794
				0.858586 -0.082206
				0.868687 -0.083067
				0.878788 -0.084408
				0.888889 -0.086263
				0.898990 -0.088655
				0.909091 -0.091629
				0.919192 -0.095208
				0.929293 -0.099488
				0.939394 -0.104483
				0.949495 -0.110282
				0.959596 -0.116877
				0.969697 -0.124346
				0.979798 -0.132715
				0.989899 -0.142051
				1.000000 -0.152408
			/baseTrajectory
		/component
	/trajectory

	trajectory STANCE_ankle

		component
			rotationAxis -0.979126 0.174022 0.105014
			baseTrajectory
				0.000000 0.045424
				0.010101 0.045395
				0.020202 0.034134
				0.030303 0.021731
				0.040404 0.008392
				0.050505 -0.005874
				0.060606 -0.020541
				0.070707 -0.035382
				0.080808 -0.049894
				0.090909 -0.063849
				0.101010 -0.076957
				0.111111 -0.088937
				0.121212 -0.099490
				0.131313 -0.108527
				0.141414 -0.115779
				0.151515 -0.121130
				0.161616 -0.124522
				0.171717 -0.126067
				0.181818 -0.125711
				0.191919 -0.123535
				0.202020 -0.119572
				0.212121 -0.114167
				0.222222 -0.107370
				0.232323 -0.099377
				0.242424 -0.090475
				0.252525 -0.080911
				0.262626 -0.070827
				0.272727 -0.060481
				0.282828 -0.050047
				0.292929 -0.039739
				0.303030 -0.029595
				0.313131 -0.019788
				0.323232 -0.010389
				0.333333 -0.001482
				0.343434 0.006937
				0.353535 0.014816
				0.363636 0.022163
				0.373737 0.028975
				0.383838 0.035291
				0.393939 0.041102
				0.404040 0.046466
				0.414141 0.051379
				0.424242 0.055934
				0.434343 0.060154
				0.444444 0.064076
				0.454545 0.067742
				0.464646 0.071201
				0.474747 0.074504
				0.484848 0.077676
				0.494949 0.080727
				0.505051 0.083728
				0.515152 0.086669
				0.525253 0.089576
				0.535354 0.092484
				0.545455 0.095375
				0.555556 0.098288
				0.565657 0.101233
				0.575758 0.104251
				0.585859 0.107340
				0.595960 0.110523
				0.606061 0.113768
				0.616162 0.117087
				0.626263 0.120511
				0.636364 0.124063
				0.646465 0.127748
				0.656566 0.131509
				0.666667 0.135345
				0.676768 0.139270
				0.686869 0.143249
				0.696970 0.147326
				0.707071 0.151495
				0.717172 0.155712
				0.727273 0.160006
				0.737374 0.164319
				0.747475 0.168692
				0.757576 0.173090
				0.767677 0.177519
				0.777778 0.181931
				0.787879 0.186296
				0.797980 0.190645
				0.808081 0.194911
				0.818182 0.199058
				0.828283 0.203107
				0.838384 0.207016
				0.848485 0.210790
				0.858586 0.214380
				0.868687 0.217791
				0.878788 0.221027
				0.888889 0.223990
				0.898990 0.226759
				0.909091 0.229266
				0.919192 0.231459
				0.929293 0.233355
				0.939394 0.234873
				0.949495 0.235978
				0.959596 0.236649
				0.969697 0.236743
				0.979798 0.236254
				0.989899 0.234884
				1.000000 0.232523
			/baseTrajectory
		/component
	/trajectory

	trajectory STANCE_subtalar

		component
			rotationAxis 0.120949 -0.604747 -0.787180
			baseTrajectory
				0.000000 -0.032654
				0.010101 0.010428
				0.020202 -0.006610
				0.030303 -0.023756
				0.040404 -0.040806
				0.050505 -0.057833
				0.060606 -0.074342
				0.070707 -0.090541
				0.080808 -0.105824
				0.090909 -0.120423
				0.101010 -0.134402
				0.111111 -0.147805
				0.121212 -0.160657
				0.131313 -0.173112
				0.141414 -0.185053
				0.151515 -0.196397
				0.161616 -0.207130
				0.171717 -0.217446
				0.181818 -0.227124
				0.191919 -0.236089
				0.202020 -0.244135
				0.212121 -0.251439
				0.222222 -0.257809
				0.232323 -0.263192
				0.242424 -0.267759
				0.252525 -0.271446
				0.262626 -0.274294
				0.272727 -0.276447
				0.282828 -0.277892
				0.292929 -0.278722
				0.303030 -0.279009
				0.313131 -0.278843
				0.323232 -0.278301
				0.333333 -0.277476
				0.343434 -0.276467
				0.353535 -0.275289
				0.363636 -0.273997
				0.373737 -0.272646
				0.383838 -0.271276
				0.393939 -0.269908
				0.404040 -0.268564
				0.414141 -0.267279
				0.424242 -0.266018
				0.434343 -0.264743
				0.444444 -0.263456
				0.454545 -0.262114
				0.464646 -0.260724
				0.474747 -0.259193
				0.484848 -0.257527
				0.494949 -0.255676
				0.505051 -0.253562
				0.515152 -0.251173
				0.525253 -0.248548
				0.535354 -0.245615
				0.545455 -0.242458
				0.555556 -0.238967
				0.565657 -0.235167
				0.575758 -0.230971
				0.585859 -0.226500
				0.595960 -0.221672
				0.606061 -0.216620
				0.616162 -0.211313
				0.626263 -0.205729
				0.636364 -0.199825
				0.646465 -0.193641
				0.656566 -0.187337
				0.666667 -0.180953
				0.676768 -0.174421
				0.686869 -0.167891
				0.696970 -0.161236
				0.707071 -0.154478
				0.717172 -0.147754
				0.727273 -0.141005
				0.737374 -0.134375
				0.747475 -0.127798
				0.757576 -0.121354
				0.767677 -0.115000
				0.777778 -0.108877
				0.787879 -0.103055
				0.797980 -0.097448
				0.808081 -0.092178
				0.818182 -0.087304
				0.828283 -0.082771
				0.838384 -0.078581
				0.848485 -0.074683
				0.858586 -0.071162
				0.868687 -0.067891
				0.878788 -0.064824
				0.888889 -0.062114
				0.898990 -0.059574
				0.909091 -0.057259
				0.919192 -0.055168
				0.929293 -0.053192
				0.939394 -0.051401
				0.949495 -0.049782
				0.959596 -0.048324
				0.969697 -0.047171
				0.979798 -0.046256
				0.989899 -0.045830
				1.000000 -0.045946
			/baseTrajectory
		/component
	/trajectory

	trajectory back

		component
			rotationAxis -1.000000 0.000000 0.000000
			baseTrajectory
				0.000000 -0.066535
				0.010101 -0.052417
				0.020202 -0.049786
				0.030303 -0.046829
				0.040404 -0.043592
				0.050505 -0.040001
				0.060606 -0.036160
				0.070707 -0.032067
				0.080808 -0.027822
				0.090909 -0.023407
				0.101010 -0.018797
				0.111111 -0.013956
				0.121212 -0.009090
				0.131313 -0.004084
				0.141414 0.000991
				0.151515 0.006023
				0.161616 0.010982
				0.171717 0.015890
				0.181818 0.020631
				0.191919 0.025157
				0.202020 0.029349
				0.212121 0.033353
				0.222222 0.037001
				0.232323 0.040285
				0.242424 0.043249
				0.252525 0.045935
				0.262626 0.048296
				0.272727 0.050341
				0.282828 0.052109
				0.292929 0.053658
				0.303030 0.054938
				0.313131 0.056026
				0.323232 0.056940
				0.333333 0.057691
				0.343434 0.058234
				0.353535 0.058635
				0.363636 0.058950
				0.373737 0.059157
				0.383838 0.059260
				0.393939 0.059283
				0.404040 0.059207
				0.414141 0.059024
				0.424242 0.058702
				0.434343 0.058277
				0.444444 0.057738
				0.454545 0.057058
				0.464646 0.056246
				0.474747 0.055210
				0.484848 0.053967
				0.494949 0.052560
				0.505051 0.050990
				0.515152 0.049251
				0.525253 0.047342
				0.535354 0.045239
				0.545455 0.043011
				0.555556 0.040637
				0.565657 0.038156
				0.575758 0.035542
				0.585859 0.032781
				0.595960 0.029820
				0.606061 0.026834
				0.616162 0.023829
				0.626263 0.020752
				0.636364 0.017577
				0.646465 0.014276
				0.656566 0.011083
				0.666667 0.007976
				0.676768 0.004955
				0.686869 0.002118
				0.696970 -0.000658
				0.707071 -0.003377
				0.717172 -0.005958
				0.727273 -0.008440
				0.737374 -0.010744
				0.747475 -0.013035
				0.757576 -0.015277
				0.767677 -0.017527
				0.777778 -0.019743
				0.787879 -0.021919
				0.797980 -0.024151
				0.808081 -0.026322
				0.818182 -0.028455
				0.828283 -0.030556
				0.838384 -0.032618
				0.848485 -0.034626
				0.858586 -0.036497
				0.868687 -0.038268
				0.878788 -0.039963
				0.888889 -0.041417
				0.898990 -0.042780
				0.909091 -0.043951
				0.919192 -0.044950
				0.929293 -0.045796
				0.939394 -0.046466
				0.949495 -0.046970
				0.959596 -0.047348
				0.969697 -0.047536
				0.979798 -0.047627
				0.989899 -0.047528
				1.000000 -0.047273
			/baseTrajectory
		/component

		component
			rotationAxis 0.000000 1.000000 0.000000
			baseTrajectory
				0.000000 0.067666
				0.010101 0.066282
				0.020202 0.066258
				0.030303 0.066025
				0.040404 0.065589
				0.050505 0.064937
				0.060606 0.064100
				0.070707 0.063116
				0.080808 0.062000
				0.090909 0.060789
				0.101010 0.059480
				0.111111 0.058088
				0.121212 0.056653
				0.131313 0.055190
				0.141414 0.053728
				0.151515 0.052307
				0.161616 0.050940
				0.171717 0.049640
				0.181818 0.048417
				0.191919 0.047292
				0.202020 0.046262
				0.212121 0.045337
				0.222222 0.044505
				0.232323 0.043758
				0.242424 0.043077
				0.252525 0.042486
				0.262626 0.041983
				0.272727 0.041546
				0.282828 0.041175
				0.292929 0.040880
				0.303030 0.040648
				0.313131 0.040486
				0.323232 0.040399
				0.333333 0.040384
				0.343434 0.040410
				0.353535 0.040469
				0.363636 0.040575
				0.373737 0.040722
				0.383838 0.040899
				0.393939 0.041096
				0.404040 0.041301
				0.414141 0.041491
				0.424242 0.041635
				0.434343 0.041731
				0.444444 0.041766
				0.454545 0.041705
				0.464646 0.041540
				0.474747 0.041194
				0.484848 0.040668
				0.494949 0.039956
				0.505051 0.039042
				0.515152 0.037903
				0.525253 0.036548
				0.535354 0.034947
				0.545455 0.033143
				0.555556 0.031106
				0.565657 0.028826
				0.575758 0.026259
				0.585859 0.023427
				0.595960 0.020232
				0.606061 0.016798
				0.616162 0.013125
				0.626263 0.009178
				0.636364 0.004943
				0.646465 0.000394
				0.656566 -0.004255
				0.666667 -0.009001
				0.676768 -0.013853
				0.686869 -0.018699
				0.696970 -0.023622
				0.707071 -0.028622
				0.717172 -0.033672
				0.727273 -0.038808
				0.737374 -0.043967
				0.747475 -0.049249
				0.757576 -0.054597
				0.767677 -0.060080
				0.777778 -0.065580
				0.787879 -0.071075
				0.797980 -0.076646
				0.808081 -0.082089
				0.818182 -0.087397
				0.828283 -0.092531
				0.838384 -0.097502
				0.848485 -0.102317
				0.858586 -0.106820
				0.868687 -0.111053
				0.878788 -0.115024
				0.888889 -0.118557
				0.898990 -0.121838
				0.909091 -0.124764
				0.919192 -0.127323
				0.929293 -0.129670
				0.939394 -0.131747
				0.949495 -0.133662
				0.959596 -0.135473
				0.969697 -0.137194
				0.979798 -0.138908
				0.989899 -0.140564
				1.000000 -0.142222
			/baseTrajectory
		/component

		component
			rotationAxis 0.000000 0.000000 1.000000
			baseTrajectory
				0.000000 0.048116
				0.010101 0.058274
				0.020202 0.053909
				0.030303 0.049435
				0.040404 0.044914
				0.050505 0.040323
				0.060606 0.035639