Con_OpenSim_State 0
description second phase
nextState 1
stateStance 3
transitionOn timeUp
time 0.5

trajectory root
component
rotationAxis -1 0 0
baseTrajectory
	0.000000 -0.023581
	0.010309 -0.023628
	0.020619 -0.023777
	0.030928 -0.023984
	0.041237 -0.024215
	0.051546 -0.024570
	0.061856 -0.024953
	0.072165 -0.025396
	0.082474 -0.025872
	0.092784 -0.026348
	0.103093 -0.026922
	0.113402 -0.027497
	0.123711 -0.028132
	0.134021 -0.028856
	0.144330 -0.029565
	0.154639 -0.030370
	0.164948 -0.031322
	0.175258 -0.032410
	0.185567 -0.033686
	0.195876 -0.035045
	0.206186 -0.036591
	0.216495 -0.038323
	0.226804 -0.040214
	0.237113 -0.042307
	0.247423 -0.044512
	0.257732 -0.046823
	0.268041 -0.049184
	0.278351 -0.051569
	0.288660 -0.053975
	0.298969 -0.056325
	0.309278 -0.058579
	0.319588 -0.060805
	0.329897 -0.062962
	0.340206 -0.065140
	0.350515 -0.067214
	0.360825 -0.069234
	0.371134 -0.071194
	0.381443 -0.073103
	0.391753 -0.075003
	0.402062 -0.076885
	0.412371 -0.078655
	0.422680 -0.080343
	0.432990 -0.081890
	0.443299 -0.083370
	0.453608 -0.084778
	0.463918 -0.086105
	0.474227 -0.087347
	0.484536 -0.088423
	0.494845 -0.089355
	0.505155 -0.090181
	0.515464 -0.090855
	0.525773 -0.091382
	0.536082 -0.091750
	0.546392 -0.091957
	0.556701 -0.091885
	0.567010 -0.091573
	0.577320 -0.091070
	0.587629 -0.090365
	0.597938 -0.089364
	0.608247 -0.088165
	0.618557 -0.086714
	0.628866 -0.084965
	0.639175 -0.082913
	0.649485 -0.080840
	0.659794 -0.078654
	0.670103 -0.076324
	0.680412 -0.073847
	0.690722 -0.071333
	0.701031 -0.068719
	0.711340 -0.066032
	0.721649 -0.063417
	0.731959 -0.060789
	0.742268 -0.057950
	0.752577 -0.055032
	0.762887 -0.052151
	0.773196 -0.049278
	0.783505 -0.046414
	0.793814 -0.043571
	0.804124 -0.040814
	0.814433 -0.038057
	0.824742 -0.035417
	0.835052 -0.032970
	0.845361 -0.030654
	0.855670 -0.028401
	0.865979 -0.026281
	0.876289 -0.024323
	0.886598 -0.022516
	0.896907 -0.020904
	0.907216 -0.019478
	0.917526 -0.018287
	0.927835 -0.017291
	0.938144 -0.016465
	0.948454 -0.015848
	0.958763 -0.015388
	0.969072 -0.015091
	0.979381 -0.014952
	0.989691 -0.014921
	1.000000 -0.014990
/baseTrajectory
/component
component
rotationAxis 0.0000000000000000 1.0000000000000000 0.0000000000000000
baseTrajectory
	0.000000 0.070753
	0.010309 0.072911
	0.020619 0.074905
	0.030928 0.076758
	0.041237 0.078455
	0.051546 0.079970
	0.061856 0.081322
	0.072165 0.082518
	0.082474 0.083604
	0.092784 0.084595
	0.103093 0.085483
	0.113402 0.086298
	0.123711 0.087039
	0.134021 0.087706
	0.144330 0.088341
	0.154639 0.088931
	0.164948 0.089472
	0.175258 0.089994
	0.185567 0.090485
	0.195876 0.090964
	0.206186 0.091417
	0.216495 0.091845
	0.226804 0.092250
	0.237113 0.092610
	0.247423 0.092911
	0.257732 0.093166
	0.268041 0.093353
	0.278351 0.093463
	0.288660 0.093481
	0.298969 0.093403
	0.309278 0.093225
	0.319588 0.092939
	0.329897 0.092538
	0.340206 0.092053
	0.350515 0.091455
	0.360825 0.090742
	0.371134 0.089920
	0.381443 0.088989
	0.391753 0.087954
	0.402062 0.086807
	0.412371 0.085558
	0.422680 0.084214
	0.432990 0.082752
	0.443299 0.081185
	0.453608 0.079515
	0.463918 0.077731
	0.474227 0.075834
	0.484536 0.073813
	0.494845 0.071684
	0.505155 0.069429
	0.515464 0.067021
	0.525773 0.064471
	0.536082 0.061777
	0.546392 0.058931
	0.556701 0.055942
	0.567010 0.052815
	0.577320 0.049548
	0.587629 0.046130
	0.597938 0.042564
	0.608247 0.038896
	0.618557 0.035095
	0.628866 0.031178
	0.639175 0.027152
	0.649485 0.023043
	0.659794 0.018826
	0.670103 0.014526
	0.680412 0.010150
	0.690722 0.005715
	0.701031 0.001216
	0.711340 -0.003306
	0.721649 -0.007849
	0.731959 -0.012415
	0.742268 -0.017028
	0.752577 -0.021624
	0.762887 -0.026218
	0.773196 -0.030797
	0.783505 -0.035336
	0.793814 -0.039839
	0.804124 -0.044299
	0.814433 -0.048707
	0.824742 -0.053034
	0.835052 -0.057253
	0.845361 -0.061360
	0.855670 -0.065334
	0.865979 -0.069146
	0.876289 -0.072816
	0.886598 -0.076312
	0.896907 -0.079606
	0.907216 -0.082689
	0.917526 -0.085547
	0.927835 -0.088233
	0.938144 -0.090773
	0.948454 -0.093131
	0.958763 -0.095347
	0.969072 -0.097373
	0.979381 -0.099240
	0.989691 -0.100988
	1.000000 -0.102613
/baseTrajectory
/component
component
rotationAxis 0.0000000000000000 0.0000000000000000 1.0000000000000000
baseTrajectory
	0.000000 0.127429
	0.010309 0.124217
	0.020619 0.120780
	0.030928 0.117112
	0.041237 0.113268
	0.051546 0.109250
	0.061856 0.105131
	0.072165 0.100918
	0.082474 0.096586
	0.092784 0.092170
	0.103093 0.087672
	0.113402 0.083064
	0.123711 0.078331
	0.134021 0.073473
	0.144330 0.068497
	0.154639 0.063363
	0.164948 0.058065
	0.175258 0.052640
	0.185567 0.047069
	0.195876 0.041360
	0.206186 0.035504
	0.216495 0.029540
	0.226804 0.023513
	0.237113 0.017449
	0.247423 0.011460
	0.257732 0.005522
	0.268041 -0.000300
	0.278351 -0.005960
	0.288660 -0.011399
	0.298969 -0.016530
	0.309278 -0.021337
	0.319588 -0.025869
	0.329897 -0.030056
	0.340206 -0.034023
	0.350515 -0.037581
	0.360825 -0.040773
	0.371134 -0.043596
	0.381443 -0.046055
	0.391753 -0.048215
	0.402062 -0.050049
	0.412371 -0.051475
	0.422680 -0.052549
	0.432990 -0.053206
	0.443299 -0.053576
	0.453608 -0.053667
	0.463918 -0.053493
	0.474227 -0.053074
	0.484536 -0.052390
	0.494845 -0.051495
	0.505155 -0.050461
	0.515464 -0.049306
	0.525773 -0.048074
	0.536082 -0.046785
	0.546392 -0.045484
	0.556701 -0.044181
	0.567010 -0.042930
	0.577320 -0.041790
	0.587629 -0.040795
	0.597938 -0.039946
	0.608247 -0.039280
	0.618557 -0.038805
	0.628866 -0.038524
	0.639175 -0.038428
	0.649485 -0.038593
	0.659794 -0.038988
	0.670103 -0.039603
	0.680412 -0.040423
	0.690722 -0.041469
	0.701031 -0.042718
	0.711340 -0.044161
	0.721649 -0.045819
	0.731959 -0.047668
	0.742268 -0.049651
	0.752577 -0.051779
	0.762887 -0.054046
	0.773196 -0.056425
	0.783505 -0.058905
	0.793814 -0.061455
	0.804124 -0.064066
	0.814433 -0.066676
	0.824742 -0.069263
	0.835052 -0.071790
	0.845361 -0.074216
	0.855670 -0.076483
	0.865979 -0.078575
	0.876289 -0.080414
	0.886598 -0.081990
	0.896907 -0.083292
	0.907216 -0.084306
	0.917526 -0.085064
	0.927835 -0.085474
	0.938144 -0.085525
	0.948454 -0.085206
	0.958763 -0.084493
	0.969072 -0.083429
	0.979381 -0.081991
	0.989691 -0.080117
	1.000000 -0.077831
/baseTrajectory
/component
/trajectory

trajectory SWING_hip
component
rotationAxis -1.0000000000000000 0.0000000000000000 0.0000000000000000
baseTrajectory
	0.000000 -0.292948
	0.010309 -0.295229
	0.020619 -0.296691
	0.030928 -0.297303
	0.041237 -0.297109
	0.051546 -0.295931
	0.061856 -0.293865
	0.072165 -0.290792
	0.082474 -0.286761
	0.092784 -0.281774
	0.103093 -0.275710
	0.113402 -0.268611
	0.123711 -0.260434
	0.134021 -0.251108
	0.144330 -0.240748
	0.154639 -0.229234
	0.164948 -0.216571
	0.175258 -0.202743
	0.185567 -0.187748
	0.195876 -0.171740
	0.206186 -0.154668
	0.216495 -0.136586
	0.226804 -0.117612
	0.237113 -0.097782
	0.247423 -0.077300
	0.257732 -0.056218
	0.268041 -0.034727
	0.278351 -0.012927
	0.288660 0.009082
	0.298969 0.031134
	0.309278 0.053103
	0.319588 0.075032
	0.329897 0.096800
	0.340206 0.118495
	0.350515 0.139867
	0.360825 0.160949
	0.371134 0.181690
	0.381443 0.202069
	0.391753 0.222106
	0.402062 0.241765
	0.412371 0.260873
	0.422680 0.279451
	0.432990 0.214141
	0.443299 0.415181
	0.453608 0.286984
	0.463918 0.431799
	0.474227 0.696070
	0.484536 0.053261
	0.494845 0.291232
	0.505155 0.975646
	0.515464 0.282086
	0.525773 0.569820
	0.536082 0.442325
	0.546392 0.452908
	0.556701 0.462604
	0.567010 0.471475
	0.577320 0.479586
	0.587629 0.486923
	0.597938 0.493374
	0.608247 0.499075
	0.618557 0.503957
	0.628866 0.507973
	0.639175 0.511120
	0.649485 0.513762
	0.659794 0.515768
	0.670103 0.517120
	0.680412 0.517817
	0.690722 0.518022
	0.701031 0.517661
	0.711340 0.516802
	0.721649 0.515633
	0.731959 0.514096
	0.742268 0.511966
	0.752577 0.509457
	0.762887 0.506746
	0.773196 0.503847
	0.783505 0.500832
	0.793814 0.497754
	0.804124 0.494762
	0.814433 0.491800
	0.824742 0.489051
	0.835052 0.486658
	0.845361 0.484589
	0.855670 0.482791
	0.865979 0.481375
	0.876289 0.480323
	0.886598 0.479670
	0.896907 0.479392
	0.907216 0.479507
	0.917526 0.480004
	0.927835 0.480796
	0.938144 0.481847
	0.948454 0.483130
	0.958763 0.484580
	0.969072 0.486182
	0.979381 0.487907
	0.989691 0.489696
	1.000000 0.491532
/baseTrajectory
/component
component
rotationAxis 0.0000000000000000 -1.0000000000000000 0.0000000000000000
baseTrajectory
	0.000000 0.013989
	0.010309 0.016912
	0.020619 0.019875
	0.030928 0.022884
	0.041237 0.025995
	0.051546 0.029218
	0.061856 0.032616
	0.072165 0.036109
	0.082474 0.039797
	0.092784 0.043662
	0.103093 0.047710
	0.113402 0.051784
	0.123711 0.055882
	0.134021 0.059934
	0.144330 0.063858
	0.154639 0.067593
	0.164948 0.071154
	0.175258 0.074475
	0.185567 0.077542
	0.195876 0.080301
	0.206186 0.082778
	0.216495 0.084966
	0.226804 0.086882
	0.237113 0.088576
	0.247423 0.090038
	0.257732 0.091290
	0.268041 0.092363
	0.278351 0.093244
	0.288660 0.093961
	0.298969 0.094492
	0.309278 0.094839
	0.319588 0.094962
	0.329897 0.094839
	0.340206 0.094497
	0.350515 0.093894
	0.360825 0.093002
	0.371134 0.091818
	0.381443 0.090327
	0.391753 0.088552
	0.402062 0.086472
	0.412371 0.084121
	0.422680 0.081521
	0.432990 0.083846
	0.443299 0.223172
	0.453608 0.038310
	0.463918 0.072323
	0.474227 0.507927
	0.484536 0.187426
	0.494845 -0.083488
	0.505155 -0.290693
	0.515464 -0.136092
	0.525773 -0.211054
	0.536082 0.040919
	0.546392 0.036801
	0.556701 0.032697
	0.567010 0.028633
	0.577320 0.024632
	0.587629 0.020706
	0.597938 0.016848
	0.608247 0.013124
	0.618557 0.009478
	0.628866 0.005907
	0.639175 0.002400
	0.649485 -0.000986
	0.659794 -0.004292
	0.670103 -0.007541
	0.680412 -0.010743
	0.690722 -0.013948
	0.701031 -0.017200
	0.711340 -0.020547
	0.721649 -0.023989
	0.731959 -0.027693
	0.742268 -0.031794
	0.752577 -0.036285
	0.762887 -0.041268
	0.773196 -0.046856
	0.783505 -0.053163
	0.793814 -0.060243
	0.804124 -0.068193
	0.814433 -0.077068
	0.824742 -0.086811
	0.835052 -0.097376
	0.845361 -0.108744
	0.855670 -0.120834
	0.865979 -0.133445
	0.876289 -0.146315
	0.886598 -0.159326
	0.896907 -0.171996
	0.907216 -0.184212
	0.917526 -0.195606
	0.927835 -0.206087
	0.938144 -0.215577
	0.948454 -0.223696
	0.958763 -0.230503
	0.969072 -0.235745
	0.979381 -0.239480
	0.989691 -0.241841
	1.000000 -0.242849
/baseTrajectory
/component
component
rotationAxis 0.0000000000000000 0.0000000000000000 -1.0000000000000000
baseTrajectory
	0.000000 0.149858
	0.010309 0.144422
	0.020619 0.138885
	0.030928 0.133239
	0.041237 0.127560
	0.051546 0.121887
	0.061856 0.116294
	0.072165 0.110793
	0.082474 0.105353
	0.092784 0.100011
	0.103093 0.094794
	0.113402 0.089637
	0.123711 0.084530
	0.134021 0.079470
	0.144330 0.074413
	0.154639 0.069324
	0.164948 0.064198
	0.175258 0.059035
	0.185567 0.053814
	0.195876 0.048492
	0.206186 0.043066
	0.216495 0.037562
	0.226804 0.032018
	0.237113 0.026473
	0.247423 0.021026
	0.257732 0.015635
	0.268041 0.010381
	0.278351 0.005299
	0.288660 0.000466
	0.298969 -0.004045
	0.309278 -0.008219
	0.319588 -0.012129
	0.329897 -0.015711
	0.340206 -0.019103
	0.350515 -0.022110
	0.360825 -0.024793
	0.371134 -0.027162
	0.381443 -0.029234
	0.391753 -0.031076
	0.402062 -0.032678
	0.412371 -0.033937
	0.422680 -0.034915
	0.432990 -0.123754
	0.443299 0.000068
	0.453608 -0.161451
	0.463918 -0.194579
	0.474227 -0.019523
	0.484536 0.263128
	0.494845 -0.186129
	0.505155 0.382825
	0.515464 -0.045558
	0.525773 -0.210052
	0.536082 -0.032721
	0.546392 -0.032093
	0.556701 -0.031523
	0.567010 -0.031067
	0.577320 -0.030785
	0.587629 -0.030712
	0.597938 -0.030857
	0.608247 -0.031224
	0.618557 -0.031851
	0.628866 -0.032734
	0.639175 -0.033873
	0.649485 -0.035305
	0.659794 -0.037014
	0.670103 -0.038980
	0.680412 -0.041185
	0.690722 -0.043648
	0.701031 -0.046359
	0.711340 -0.049289
	0.721649 -0.052449
	0.731959 -0.055837
	0.742268 -0.059423
	0.752577 -0.063181
	0.762887 -0.067103
	0.773196 -0.071165
	0.783505 -0.075340
	0.793814 -0.079587
	0.804124 -0.083881
	0.814433 -0.088152
	0.824742 -0.092330
	0.835052 -0.096344
	0.845361 -0.100150
	0.855670 -0.103669
	0.865979 -0.106855
	0.876289 -0.109609
	0.886598 -0.111925
	0.896907 -0.113752
	0.907216 -0.115100
	0.917526 -0.115995
	0.927835 -0.116385
	0.938144 -0.116304
	0.948454 -0.115709
	0.958763 -0.114632
	0.969072 -0.113105
	0.979381 -0.111131
	0.989691 -0.108687
	1.000000 -0.105800
/baseTrajectory
/component
/trajectory

trajectory STANCE_hip
component
rotationAxis -1.0000000000000000 0.0000000000000000 0.0000000000000000
baseTrajectory
	0.000000 0.547449
	0.010309 0.548638
	0.020619 0.549912
	0.030928 0.551220
	0.041237 0.552577
	0.051546 0.554046
	0.061856 0.555555
	0.072165 0.557101
	0.082474 0.558644
	0.092784 0.560139
	0.103093 0.561639
	0.113402 0.562974
	0.123711 0.564152
	0.134021 0.565141
	0.144330 0.565815
	0.154639 0.566220
	0.164948 0.566371
	0.175258 0.566210
	0.185567 0.565737
	0.195876 0.564827
	0.206186 0.563541
	0.216495 0.561866
	0.226804 0.559751
	0.237113 0.557217
	0.247423 0.554158
	0.257732 0.550576
	0.268041 0.546394
	0.278351 0.541603
	0.288660 0.536201
	0.298969 0.530125
	0.309278 0.523343
	0.319588 0.515966
	0.329897 0.507980
	0.340206 0.499517
	0.350515 0.490462
	0.360825 0.480907
	0.371134 0.470881
	0.381443 0.460435
	0.391753 0.449649
	0.402062 0.438562
	0.412371 0.427088
	0.422680 0.415287
	0.432990 0.481844
	0.443299 0.350709
	0.453608 0.413158
	0.463918 0.271234
	0.474227 0.418109
	0.484536 0.929821
	0.494845 0.530725
	0.505155 0.239478
	0.515464 0.537217
	0.525773 0.565666
	0.536082 0.272509
	0.546392 0.258901
	0.556701 0.245119
	0.567010 0.231253
	0.577320 0.217319
	0.587629 0.203340
	0.597938 0.189206
	0.608247 0.175042
	0.618557 0.160786
	0.628866 0.146397
	0.639175 0.131835
	0.649485 0.117460
	0.659794 0.103105
	0.670103 0.088792
	0.680412 0.074479
	0.690722 0.060313
	0.701031 0.046205
	0.711340 0.032193
	0.721649 0.018441
	0.731959 0.004859
	0.742268 -0.008836
	0.752577 -0.022437
	0.762887 -0.035851
	0.773196 -0.049114
	0.783505 -0.062240
	0.793814 -0.075218
	0.804124 -0.087976
	0.814433 -0.100626
	0.824742 -0.113017
	0.835052 -0.125035
	0.845361 -0.136781
	0.855670 -0.148304
	0.865979 -0.159515
	0.876289 -0.170360
	0.886598 -0.180858
	0.896907 -0.190952
	0.907216 -0.200644
	0.917526 -0.209892
	0.927835 -0.218725
	0.938144 -0.227152
	0.948454 -0.235108
	0.958763 -0.242630
	0.969072 -0.249708
	0.979381 -0.256312
	0.989691 -0.262458
	1.000000 -0.268117
/baseTrajectory
/component
component
rotationAxis 0.0000000000000000 1.0000000000000000 0.0000000000000000
baseTrajectory
	0.000000 -0.273102
	0.010309 -0.266168
	0.020619 -0.258056
	0.030928 -0.249044
	0.041237 -0.239418
	0.051546 -0.229154
	0.061856 -0.218582
	0.072165 -0.207838
	0.082474 -0.197331
	0.092784 -0.187272
	0.103093 -0.177667
	0.113402 -0.168707
	0.123711 -0.160419
	0.134021 -0.152783
	0.144330 -0.146092
	0.154639 -0.140264
	0.164948 -0.135322
	0.175258 -0.131263
	0.185567 -0.128038
	0.195876 -0.125782
	0.206186 -0.124349
	0.216495 -0.123737
	0.226804 -0.123906
	0.237113 -0.124710
	0.247423 -0.126074
	0.257732 -0.127999
	0.268041 -0.130362
	0.278351 -0.133091
	0.288660 -0.136060
	0.298969 -0.139184
	0.309278 -0.142400
	0.319588 -0.145691
	0.329897 -0.148970
	0.340206 -0.152275
	0.350515 -0.155430
	0.360825 -0.158425
	0.371134 -0.161241
	0.381443 -0.163850
	0.391753 -0.166283
	0.402062 -0.168530
	0.412371 -0.170499
	0.422680 -0.172213
	0.432990 -0.244320
	0.443299 -0.114361
	0.453608 -0.065175
	0.463918 -0.044211
	0.474227 0.028930
	0.484536 0.079991
	0.494845 0.127310
	0.505155 0.343660
	0.515464 -0.414140
	0.525773 0.616514
	0.536082 -0.181688
	0.546392 -0.182409
	0.556701 -0.183228
	0.567010 -0.184191
	0.577320 -0.185150
	0.587629 -0.186133
	0.597938 -0.187149
	0.608247 -0.188224
	0.618557 -0.189287
	0.628866 -0.190350
	0.639175 -0.191345
	0.649485 -0.192237
	0.659794 -0.192847
	0.670103 -0.193283
	0.680412 -0.193454
	0.690722 -0.193332
	0.701031 -0.192833
	0.711340 -0.192013
	0.721649 -0.190806
	0.731959 -0.189220
	0.742268 -0.187136
	0.752577 -0.184741
	0.762887 -0.181949
	0.773196 -0.178792
	0.783505 -0.175292
	0.793814 -0.171486
	0.804124 -0.167399
	0.814433 -0.163080
	0.824742 -0.158634
	0.835052 -0.154205
	0.845361 -0.149783
	0.855670 -0.145501
	0.865979 -0.141429
	0.876289 -0.137637
	0.886598 -0.134186
	0.896907 -0.131112
	0.907216 -0.128410
	0.917526 -0.126057
	0.927835 -0.124015
	0.938144 -0.122233
	0.948454 -0.120783
	0.958763 -0.119609
	0.969072 -0.118652
	0.979381 -0.117853
	0.989691 -0.117141
	1.000000 -0.116553
/baseTrajectory
/component
component
rotationAxis 0.0000000000000000 0.0000000000000000 1.0000000000000000
baseTrajectory
	0.000000 -0.148562
	0.010309 -0.145160
	0.020619 -0.141396
	0.030928 -0.137266
	0.041237 -0.132850
	0.051546 -0.128079
	0.061856 -0.123075
	0.072165 -0.117829
	0.082474 -0.112389
	0.092784 -0.106822
	0.103093 -0.101112
	0.113402 -0.095262
	0.123711 -0.089258
	0.134021 -0.083089
	0.144330 -0.076847
	0.154639 -0.070476
	0.164948 -0.063985
	0.175258 -0.057432
	0.185567 -0.050793
	0.195876 -0.044123
	0.206186 -0.037391
	0.216495 -0.030648
	0.226804 -0.023942
	0.237113 -0.017271
	0.247423 -0.010730
	0.257732 -0.004307
	0.268041 0.001968
	0.278351 0.008063
	0.288660 0.013950
	0.298969 0.019562
	0.309278 0.024899
	0.319588 0.030009
	0.329897 0.034843
	0.340206 0.039507
	0.350515 0.043859
	0.360825 0.047938
	0.371134 0.051740
	0.381443 0.055271
	0.391753 0.058580
	0.402062 0.061639
	0.412371 0.064382
	0.422680 0.066852
	0.432990 0.044399
	0.443299 0.185767
	0.453608 -0.079594
	0.463918 0.146374
	0.474227 0.269061
	0.484536 0.315597
	0.494845 -0.288799
	0.505155 0.091953
	0.515464 -0.107821
	0.525773 0.050114
	0.536082 0.078293
	0.546392 0.078448
	0.556701 0.078549
	0.567010 0.078640
	0.577320 0.078805
	0.587629 0.079073
	0.597938 0.079436
	0.608247 0.079917
	0.618557 0.080530
	0.628866 0.081263
	0.639175 0.082116
	0.649485 0.083160
	0.659794 0.084380
	0.670103 0.085734
	0.680412 0.087214
	0.690722 0.088831
	0.701031 0.090572
	0.711340 0.092408
	0.721649 0.094365
	0.731959 0.096403
	0.742268 0.098471
	0.752577 0.100558
	0.762887 0.102661
	0.773196 0.104746
	0.783505 0.106798
	0.793814 0.108779
	0.804124 0.110676
	0.814433 0.112418
	0.824742 0.113977
	0.835052 0.115300
	0.845361 0.116357
	0.855670 0.117075
	0.865979 0.117451
	0.876289 0.117395
	0.886598 0.116910
	0.896907 0.116011
	0.907216 0.114696
	0.917526 0.113032
	0.927835 0.110918
	0.938144 0.108351
	0.948454 0.105339
	0.958763 0.101855
	0.969072 0.097990
	0.979381 0.093719
	0.989691 0.088977
	1.000000 0.083793
/baseTrajectory
/component
/trajectory

trajectory SWING_knee
component
rotationAxis -1.0000000000000000 0.0000000000000000 0.0000000000000000
baseTrajectory
	0.000000 -0.152408
	0.010309 -0.163850
	0.020619 -0.176322
	0.030928 -0.189927
	0.041237 -0.204616
	0.051546 -0.220468
	0.061856 -0.237463
	0.072165 -0.255687
	0.082474 -0.275072
	0.092784 -0.295620
	0.103093 -0.317297
	0.113402 -0.340141
	0.123711 -0.364048
	0.134021 -0.389016
	0.144330 -0.414980
	0.154639 -0.441868
	0.164948 -0.469525
	0.175258 -0.497942
	0.185567 -0.526972
	0.195876 -0.556507
	0.206186 -0.586406
	0.216495 -0.616556
	0.226804 -0.646790
	0.237113 -0.676953
	0.247423 -0.706860
	0.257732 -0.736420
	0.268041 -0.765414
	0.278351 -0.793721
	0.288660 -0.821179
	0.298969 -0.847640
	0.309278 -0.872972
	0.319588 -0.897108
	0.329897 -0.919920
	0.340206 -0.941396
	0.350515 -0.961347
	0.360825 -0.979732
	0.371134 -0.996487
	0.381443 -1.011573
	0.391753 -1.024967
	0.402062 -1.036638
	0.412371 -1.046507
	0.422680 -1.054584
	0.432990 -1.088296
	0.443299 -1.110255
	0.453608 -1.044356
	0.463918 -1.089718
	0.474227 -0.836823
	0.484536 -1.181046
	0.494845 -0.973326
	0.505155 -0.689982
	0.515464 -1.243389
	0.525773 -0.983437
	0.536082 -1.029789
	0.546392 -1.018024
	0.556701 -1.004816
	0.567010 -0.990220
	0.577320 -0.974288
	0.587629 -0.957047
	0.597938 -0.938518
	0.608247 -0.918756
	0.618557 -0.897786
	0.628866 -0.875635
	0.639175 -0.852344
	0.649485 -0.828009
	0.659794 -0.802630
	0.670103 -0.776253
	0.680412 -0.748925
	0.690722 -0.720741
	0.701031 -0.691742
	0.711340 -0.662029
	0.721649 -0.631703
	0.731959 -0.600879
	0.742268 -0.569631
	0.752577 -0.538119
	0.762887 -0.506515
	0.773196 -0.474977
	0.783505 -0.443727
	0.793814 -0.412927
	0.804124 -0.382818
	0.814433 -0.353570
	0.824742 -0.325387
	0.835052 -0.298476
	0.845361 -0.273022
	0.855670 -0.249177
	0.865979 -0.227103
	0.876289 -0.206814
	0.886598 -0.188502
	0.896907 -0.172112
	0.907216 -0.157779
	0.917526 -0.145455
	0.927835 -0.135132
	0.938144 -0.126846
	0.948454 -0.120474
	0.958763 -0.116017
	0.969072 -0.113404
	0.979381 -0.112563
	0.989691 -0.113443
	1.000000 -0.115953
/baseTrajectory
/component
/trajectory

trajectory SWING_ankle
component
rotationAxis -0.9791263326308125 0.1740220591191320 0.1050140356755843
baseTrajectory
	0.000000 0.232523
	0.010204 0.229026
	0.020408 0.224139
	0.030612 0.217716
	0.040816 0.209551
	0.051020 0.199363
	0.061224 0.187084
	0.071429 0.172458
	0.081633 0.155492
	0.091837 0.136132
	0.102041 0.114295
	0.112245 0.090072
	0.122449 0.063506
	0.132653 0.034792
	0.142857 0.004252
	0.153061 -0.027869
	0.163265 -0.061160
	0.173469 -0.095057
	0.183673 -0.129094
	0.193878 -0.162577
	0.204082 -0.194945
	0.214286 -0.225560
	0.224490 -0.253873
	0.234694 -0.279371
	0.244898 -0.301687
	0.255102 -0.320346
	0.265306 -0.335213
	0.275510 -0.346087
	0.285714 -0.353034
	0.295918 -0.356198
	0.306122 -0.355695
	0.316327 -0.351777
	0.326531 -0.344777
	0.336735 -0.334891
	0.346939 -0.322716
	0.357143 -0.308665
	0.367347 -0.293187
	0.377551 -0.276672
	0.387755 -0.259362
	0.397959 -0.241757
	0.408163 -0.224163
	0.418367 -0.206865
	0.428571 -0.273498
	0.438776 -0.347581
	0.448980 -0.420103
	0.459184 -0.251879
	0.469388 -0.074029
	0.479592 -0.076615
	0.489796 -0.083164
	0.500000 -0.283914
	0.510204 0.040105
	0.520408 -0.329107
	0.530612 -0.066886
	0.540816 -0.058422
	0.551020 -0.050450
	0.561224 -0.042958
	0.571429 -0.035901
	0.581633 -0.029232
	0.591837 -0.022960
	0.602041 -0.017137
	0.612245 -0.011744
	0.622449 -0.006800
	0.632653 -0.002317
	0.642857 0.001673
	0.653061 0.005187
	0.663265 0.008195
	0.673469 0.010704
	0.683673 0.012720
	0.693878 0.014289
	0.704082 0.015463
	0.714286 0.016265
	0.724490 0.016778
	0.734694 0.017135
	0.744898 0.017401
	0.755102 0.017625
	0.765306 0.017903
	0.775510 0.018421
	0.785714 0.019226
	0.795918 0.020408
	0.806122 0.022033
	0.816327 0.024083
	0.826531 0.026547
	0.836735 0.029451
	0.846939 0.032832
	0.857143 0.036600
	0.867347 0.040511
	0.877551 0.044553
	0.887755 0.048509
	0.897959 0.052320
	0.908163 0.055860
	0.918367 0.058880
	0.928571 0.061296
	0.938776 0.062793
	0.948980 0.063282
	0.959184 0.062612
	0.969388 0.060637
	0.979592 0.057215
	0.989796 0.052235
	1.000000 0.045493
/baseTrajectory
/component
/trajectory

trajectory SWING_subtalar
component
rotationAxis 0.1209490032045439 -0.6047470160227725 -0.7871800208563350
baseTrajectory
	0.000000 -0.045946
	0.010309 -0.046629
	0.020619 -0.048248
	0.030928 -0.050774
	0.041237 -0.054232
	0.051546 -0.058889
	0.061856 -0.064513
	0.072165 -0.071140
	0.082474 -0.078528
	0.092784 -0.086492
	0.103093 -0.095103
	0.113402 -0.103838
	0.123711 -0.112622
	0.134021 -0.121305
	0.144330 -0.129317
	0.154639 -0.136712
	0.164948 -0.143374
	0.175258 -0.149100
	0.185567 -0.153894
	0.195876 -0.157397
	0.206186 -0.159829
	0.216495 -0.161189
	0.226804 -0.161599
	0.237113 -0.161371
	0.247423 -0.160599
	0.257732 -0.159430
	0.268041 -0.158202
	0.278351 -0.157122
	0.288660 -0.156571
	0.298969 -0.156673
	0.309278 -0.157657
	0.319588 -0.159567
	0.329897 -0.162494
	0.340206 -0.166497
	0.350515 -0.171575
	0.360825 -0.177664
	0.371134 -0.184671
	0.381443 -0.192476
	0.391753 -0.200992
	0.402062 -0.209982
	0.412371 -0.219368
	0.422680 -0.228992
	0.432990 -0.365567
	0.443299 -0.373152
	0.453608 -0.236775
	0.463918 -0.155685
	0.474227 -1.241504
	0.484536 -0.265348
	0.494845 -0.358531
	0.505155 -0.143027
	0.515464 0.137169
	0.525773 -0.878617
	0.536082 -0.318337
	0.546392 -0.323591
	0.556701 -0.328324
	0.567010 -0.332560
	0.577320 -0.336303
	0.587629 -0.339602
	0.597938 -0.342476
	0.608247 -0.344934
	0.618557 -0.347021
	0.628866 -0.348736
	0.639175 -0.350072
	0.649485 -0.351078
	0.659794 -0.351737
	0.670103 -0.351964
	0.680412 -0.351735
	0.690722 -0.350938
	0.701031 -0.349546
	0.711340 -0.347355
	0.721649 -0.344342
	0.731959 -0.340251
	0.742268 -0.334815
	0.752577 -0.328046
	0.762887 -0.319871
	0.773196 -0.310126
	0.783505 -0.298518
	0.793814 -0.285069
	0.804124 -0.269655
	0.814433 -0.252324
	0.824742 -0.233231
	0.835052 -0.212608
	0.845361 -0.190590
	0.855670 -0.167297
	0.865979 -0.143207
	0.876289 -0.119085
	0.886598 -0.095098
	0.896907 -0.072193
	0.907216 -0.050535
	0.917526 -0.030710
	0.927835 -0.013307
	0.938144 0.001692
	0.948454 0.013340
	0.958763 0.021788
	0.969072 0.026634
	0.979381 0.027907
	0.989691 0.025719
	1.000000 0.020123
/baseTrajectory
/component
/trajectory

trajectory STANCE_knee
component
rotationAxis -1.0000000000000000 0.0000000000000000 0.0000000000000000
baseTrajectory
	0.000000 -0.209996
	0.010309 -0.218304
	0.020619 -0.227916
	0.030928 -0.238685
	0.041237 -0.250575
	0.051546 -0.263335
	0.061856 -0.276916
	0.072165 -0.291114
	0.082474 -0.305851
	0.092784 -0.321021
	0.103093 -0.336431
	0.113402 -0.351908
	0.123711 -0.367290
	0.134021 -0.382390
	0.144330 -0.397178
	0.154639 -0.411462
	0.164948 -0.425147
	0.175258 -0.438117
	0.185567 -0.450239
	0.195876 -0.461496
	0.206186 -0.471761
	0.216495 -0.481003
	0.226804 -0.489180
	0.237113 -0.496224
	0.247423 -0.502125
	0.257732 -0.506880
	0.268041 -0.510468
	0.278351 -0.512913
	0.288660 -0.514214
	0.298969 -0.514416
	0.309278 -0.513537
	0.319588 -0.511622
	0.329897 -0.508734
	0.340206 -0.504919
	0.350515 -0.500233
	0.360825 -0.494729
	0.371134 -0.488474
	0.381443 -0.481535
	0.391753 -0.473966
	0.402062 -0.465853
	0.412371 -0.457242
	0.422680 -0.448175
	0.432990 -0.392698
	0.443299 -0.317615
	0.453608 -0.516568
	0.463918 -0.371948
	0.474227 -0.418150
	0.484536 -0.085374
	0.494845 -0.479568
	0.505155 -0.444049
	0.515464 -0.203498
	0.525773 -0.786309
	0.536082 -0.336603
	0.546392 -0.326705
	0.556701 -0.317009
	0.567010 -0.307595
	0.577320 -0.298394
	0.587629 -0.289477
	0.597938 -0.280835
	0.608247 -0.272508
	0.618557 -0.264503
	0.628866 -0.256844
	0.639175 -0.249484
	0.649485 -0.242513
	0.659794 -0.235831
	0.670103 -0.229548
	0.680412 -0.223604
	0.690722 -0.218061
	0.701031 -0.212889
	0.711340 -0.208113
	0.721649 -0.203748
	0.731959 -0.199811
	0.742268 -0.196202
	0.752577 -0.193028
	0.762887 -0.190237
	0.773196 -0.187831
	0.783505 -0.185779
	0.793814 -0.184081
	0.804124 -0.182740
	0.814433 -0.181717
	0.824742 -0.181043
	0.835052 -0.180762
	0.845361 -0.180806
	0.855670 -0.181206
	0.865979 -0.181964
	0.876289 -0.183102
	0.886598 -0.184596
	0.896907 -0.186439
	0.907216 -0.188633
	0.917526 -0.191149
	0.927835 -0.193988
	0.938144 -0.197169
	0.948454 -0.200719
	0.958763 -0.204655
	0.969072 -0.208972
	0.979381 -0.213719
	0.989691 -0.218948
	1.000000 -0.224702
/baseTrajectory
/component
/trajectory

trajectory STANCE_ankle
component
rotationAxis -0.9791263326308125 -0.1740220591191320 -0.1050140356755843
baseTrajectory
	0.000000 0.079111
	0.010309 0.068490
	0.020619 0.056713
	0.030928 0.043828
	0.041237 0.030317
	0.051546 0.016113
	0.061856 0.001853
	0.072165 -0.012362
	0.082474 -0.025987
	0.092784 -0.038599
	0.103093 -0.050000
	0.113402 -0.059921
	0.123711 -0.068163
	0.134021 -0.074712
	0.144330 -0.079162
	0.154639 -0.081702
	0.164948 -0.082276
	0.175258 -0.081041
	0.185567 -0.078151
	0.195876 -0.073610
	0.206186 -0.067711
	0.216495 -0.060608
	0.226804 -0.052476
	0.237113 -0.043623
	0.247423 -0.034277
	0.257732 -0.024537
	0.268041 -0.014569
	0.278351 -0.004540
	0.288660 0.005384
	0.298969 0.015084
	0.309278 0.024494
	0.319588 0.033510
	0.329897 0.042103
	0.340206 0.050376
	0.350515 0.058197
	0.360825 0.065506
	0.371134 0.072328
	0.381443 0.078671
	0.391753 0.084610
	0.402062 0.090136
	0.412371 0.095279
	0.422680 0.100054
	0.432990 0.156942
	0.443299 0.204787
	0.453608 0.106971
	0.463918 -0.157170
	0.474227 0.453251
	0.484536 -0.262074
	0.494845 0.096334
	0.505155 0.477552
	0.515464 -0.687248
	0.525773 0.368754
	0.536082 0.136502
	0.546392 0.139136
	0.556701 0.141765
	0.567010 0.144390
	0.577320 0.146937
	0.587629 0.149439
	0.597938 0.151944
	0.608247 0.154447
	0.618557 0.156980
	0.628866 0.159574
	0.639175 0.162241
	0.649485 0.164919
	0.659794 0.167652
	0.670103 0.170475
	0.680412 0.173396
	0.690722 0.176393
	0.701031 0.179487
	0.711340 0.182668
	0.721649 0.185911
	0.731959 0.189215
	0.742268 0.192621
	0.752577 0.196086
	0.762887 0.199621
	0.773196 0.203208
	0.783505 0.206810
	0.793814 0.210412
	0.804124 0.213991
	0.814433 0.217539
	0.824742 0.221038
	0.835052 0.224469
	0.845361 0.227807
	0.855670 0.231016
	0.865979 0.234065
	0.876289 0.236984
	0.886598 0.239736
	0.896907 0.242286
	0.907216 0.244583
	0.917526 0.246587
	0.927835 0.248217
	0.938144 0.249475
	0.948454 0.250316
	0.958763 0.250684
	0.969072 0.250471
	0.979381 0.249608
	0.989691 0.248033
	1.000000 0.245682
/baseTrajectory
/component
/trajectory

trajectory STANCE_subtalar
component
rotationAxis 0.1209490032045439 0.6047470160227725 0.7871800208563350
baseTrajectory
	0.000000 0.047572
	0.010309 0.031121
	0.020619 0.012481
	0.030928 -0.008091
	0.041237 -0.029585
	0.051546 -0.052370
	0.061856 -0.075300
	0.072165 -0.098433
	0.082474 -0.120767
	0.092784 -0.141810
	0.103093 -0.161584
	0.113402 -0.179956
	0.123711 -0.196863
	0.134021 -0.212627
	0.144330 -0.226465
	0.154639 -0.238877
	0.164948 -0.249737
	0.175258 -0.259296
	0.185567 -0.267675
	0.195876 -0.274547
	0.206186 -0.280227
	0.216495 -0.284653
	0.226804 -0.287885
	0.237113 -0.290199
	0.247423 -0.291591
	0.257732 -0.291991
	0.268041 -0.291564
	0.278351 -0.290334
	0.288660 -0.288496
	0.298969 -0.286107
	0.309278 -0.283203
	0.319588 -0.279690
	0.329897 -0.275687
	0.340206 -0.271150
	0.350515 -0.266278
	0.360825 -0.261068
	0.371134 -0.255565
	0.381443 -0.249791
	0.391753 -0.243731
	0.402062 -0.237419
	0.412371 -0.231067
	0.422680 -0.224641
	0.432990 -0.249360
	0.443299 0.105615
	0.453608 -0.407510
	0.463918 0.412554
	0.474227 0.107320
	0.484536 -0.024482
	0.494845 -0.158308
	0.505155 -0.444552
	0.515464 0.086082
	0.525773 -0.037832
	0.536082 -0.148256
	0.546392 -0.140266
	0.556701 -0.131999
	0.567010 -0.123574
	0.577320 -0.115218
	0.587629 -0.106915
	0.597938 -0.098547
	0.608247 -0.090259
	0.618557 -0.081972
	0.628866 -0.073667
	0.639175 -0.065298
	0.649485 -0.057263
	0.659794 -0.049366
	0.670103 -0.041661
	0.680412 -0.034097
	0.690722 -0.026908
	0.701031 -0.019979
	0.711340 -0.013460
	0.721649 -0.007450
	0.731959 -0.002013
	0.742268 0.003107
	0.752577 0.007731
	0.762887 0.011917
	0.773196 0.015634
	0.783505 0.018957
	0.793814 0.021870
	0.804124 0.024465
	0.814433 0.026823
	0.824742 0.029023
	0.835052 0.031132
	0.845361 0.033221
	0.855670 0.035432
	0.865979 0.037761
	0.876289 0.040395
	0.886598 0.043322
	0.896907 0.046501
	0.907216 0.049936
	0.917526 0.053512
	0.927835 0.057238
	0.938144 0.061133
	0.948454 0.065218
	0.958763 0.069508
	0.969072 0.073746
	0.979381 0.077941
	0.989691 0.082095
	1.000000 0.086158
/baseTrajectory
/component
/trajectory

trajectory back
component
rotationAxis -1.0000000000000000 0.0000000000000000 0.0000000000000000
baseTrajectory
	0.000000 -0.047273
	0.010309 -0.046873
	0.020619 -0.046268
	0.030928 -0.045519
	0.041237 -0.044660
	0.051546 -0.043591
	0.061856 -0.042429
	0.072165 -0.041148
	0.082474 -0.039781
	0.092784 -0.038375
	0.103093 -0.036830
	0.113402 -0.035256
	0.123711 -0.033589
	0.134021 -0.031809
	0.144330 -0.030042
	0.154639 -0.028167
	0.164948 -0.026125
	0.175258 -0.023958
	0.185567 -0.021605
	0.195876 -0.019190
	0.206186 -0.016600
	0.216495 -0.013848
	0.226804 -0.010970
	0.237113 -0.007918
	0.247423 -0.004808
	0.257732 -0.001645
	0.268041 0.001514
	0.278351 0.004636
	0.288660 0.007714
	0.298969 0.010658
	0.309278 0.013428
	0.319588 0.016105
	0.329897 0.018643
	0.340206 0.021156
	0.350515 0.023491
	0.360825 0.025710
	0.371134 0.027808
	0.381443 0.029802
	0.391753 0.031747
	0.402062 0.033627
	0.412371 0.035338
	0.422680 0.036918
	0.432990 0.104300
	0.443299 0.065726
	0.453608 -0.070003
	0.463918 0.112973
	0.474227 -0.248441
	0.484536 -0.005329
	0.494845 -0.061688
	0.505155 0.461180
	0.515464 0.273288
	0.525773 -0.148969
	0.536082 0.044799
	0.546392 0.044557
	0.556701 0.044020
	0.567010 0.043228
	0.577320 0.042244
	0.587629 0.041053
	0.597938 0.039554
	0.608247 0.037853
	0.618557 0.035888
	0.628866 0.033608
	0.639175 0.031008
	0.649485 0.028387
	0.659794 0.025646
	0.670103 0.022742
	0.680412 0.019667
	0.690722 0.016538
	0.701031 0.013284
	0.711340 0.009931
	0.721649 0.006632
	0.731959 0.003294
	0.742268 -0.000296
	0.752577 -0.003996
	0.762887 -0.007678
	0.773196 -0.011368
	0.783505 -0.015062
	0.793814 -0.018742
	0.804124 -0.022334
	0.814433 -0.025921
	0.824742 -0.029369
	0.835052 -0.032594
	0.845361 -0.035650
	0.855670 -0.038602
	0.865979 -0.041370
	0.876289 -0.043912
	0.886598 -0.046235
	0.896907 -0.048287
	0.907216 -0.050071
	0.917526 -0.051530
	0.927835 -0.052692
	0.938144 -0.053585
	0.948454 -0.054161
	0.958763 -0.054468
	0.969072 -0.054501
	0.979381 -0.054264
	0.989691 -0.053803
	1.000000 -0.053128
/baseTrajectory
/component
component
rotationAxis 0.0000000000000000 1.0000000000000000 0.0000000000000000
baseTrajectory
	0.000000 -0.142222
	0.010309 -0.143923
	0.020619 -0.145374
	0.030928 -0.146639
	0.041237 -0.147652
	0.051546 -0.148413
	0.061856 -0.148890
	0.072165 -0.149083
	0.082474 -0.148999
	0.092784 -0.148650
	0.103093 -0.148040
	0.113402 -0.147314
	0.123711 -0.146469
	0.134021 -0.145541
	0.144330 -0.144533
	0.154639 -0.143467
	0.164948 -0.142349
	0.175258 -0.141206
	0.185567 -0.140043
	0.195876 -0.138870
	0.206186 -0.137701
	0.216495 -0.136551
	0.226804 -0.135426
	0.237113 -0.134328
	0.247423 -0.133270
	0.257732 -0.132238
	0.268041 -0.131222
	0.278351 -0.130220
	0.288660 -0.129218
	0.298969 -0.128219
	0.309278 -0.127202
	0.319588 -0.126146
	0.329897 -0.125058
	0.340206 -0.123902
	0.350515 -0.122711
	0.360825 -0.121486
	0.371134 -0.120220
	0.381443 -0.118914
	0.391753 -0.117550
	0.402062 -0.116134
	0.412371 -0.114694
	0.422680 -0.113219
	0.432990 0.025644
	0.443299 0.076972
	0.453608 -0.358634
	0.463918 -0.169498
	0.474227 0.043324
	0.484536 0.015686
	0.494845 -0.155064
	0.505155 0.099866
	0.515464 0.126231
	0.525773 -0.710130
	0.536082 -0.090337
	0.546392 -0.087144
	0.556701 -0.083649
	0.567010 -0.079910
	0.577320 -0.076135
	0.587629 -0.072306
	0.597938 -0.068324
	0.608247 -0.064261
	0.618557 -0.060082
	0.628866 -0.055730
	0.639175 -0.051193
	0.649485 -0.046748
	0.659794 -0.042315
	0.670103 -0.037813
	0.680412 -0.033230
	0.690722 -0.028684
	0.701031 -0.024124
	0.711340 -0.019545
	0.721649 -0.015086
	0.731959 -0.010695
	0.742268 -0.006144
	0.752577 -0.001512
	0.762887 0.003095
	0.773196 0.007682
	0.783505 0.012275
	0.793814 0.016855
	0.804124 0.021357
	0.814433 0.025846
	0.824742 0.030202
	0.835052 0.034315
	0.845361 0.038215
	0.855670 0.041978
	0.865979 0.045551
	0.876289 0.048865
	0.886598 0.051925
	0.896907 0.054688
	0.907216 0.057154
	0.917526 0.059336
	0.927835 0.061218
	0.938144 0.062805
	0.948454 0.064088
	0.958763 0.065089
	0.969072 0.065822
	0.979381 0.066280
	0.989691 0.066505
	1.000000 0.066502
/baseTrajectory
/component
component
rotationAxis 0.0000000000000000 0.0000000000000000 1.0000000000000000
baseTrajectory
	0.000000 -0.162243
	0.010309 -0.158174
	0.020619 -0.153866
	0.030928 -0.149306
	0.041237 -0.144556
	0.051546 -0.139633
	0.061856 -0.134615
	0.072165 -0.129514
	0.082474 -0.124306
	0.092784 -0.119026
	0.103093 -0.113686
	0.113402 -0.108235
	0.123711 -0.102663
	0.134021 -0.096975
	0.144330 -0.091170
	0.154639 -0.085214
	0.164948 -0.079102
	0.175258 -0.072878
	0.185567 -0.066528
	0.195876 -0.060053
	0.206186 -0.053452
	0.216495 -0.046768
	0.226804 -0.040049
	0.237113 -0.033321
	0.247423 -0.026699
	0.257732 -0.020164
	0.268041 -0.013780
	0.278351 -0.007591
	0.288660 -0.001664
	0.298969 0.003916
	0.309278 0.009131
	0.319588 0.014025
	0.329897 0.018523
	0.340206 0.022745
	0.350515 0.026510
	0.360825 0.029854
	0.371134 0.032777
	0.381443 0.035281
	0.391753 0.037436
	0.402062 0.039208
	0.412371 0.040530
	0.422680 0.041459
	0.432990 -0.043345
	0.443299 -0.065986
	0.453608 0.120870
	0.463918 -0.247333
	0.474227 -0.029540
	0.484536 0.669822
	0.494845 -0.059881
	0.505155 0.338116
	0.515464 -0.284394
	0.525773 -0.320047
	0.536082 0.032864
	0.546392 0.031321
	0.556701 0.029791
	0.567010 0.028334
	0.577320 0.027029
	0.587629 0.025911
	0.597938 0.024972
	0.608247 0.024247
	0.618557 0.023743
	0.628866 0.023450
	0.639175 0.023352
	0.649485 0.023546
	0.659794 0.024002
	0.670103 0.024688
	0.680412 0.025588
	0.690722 0.026722
	0.701031 0.028068
	0.711340 0.029600
	0.721649 0.031359
	0.731959 0.033314
	0.742268 0.035379
	0.752577 0.037567
	0.762887 0.039890
	0.773196 0.042313
	0.783505 0.044821
	0.793814 0.047385
	0.804124 0.050009
	0.814433 0.052617
	0.824742 0.055198
	0.835052 0.057729
	0.845361 0.060161
	0.855670 0.062416
	0.865979 0.064484
	0.876289 0.066300
	0.886598 0.067838
	0.896907 0.069096
	0.907216 0.070046
	0.917526 0.070727
	0.927835 0.071036
	0.938144 0.070957
	0.948454 0.070478
	0.958763 0.069567
	0.969072 0.068259
	0.979381 0.066532
	0.989691 0.064316
	1.000000 0.061639
/baseTrajectory
/component
/trajectory

Con_OpenSim_State 1
description first phase
nextState 0
stateStance 3
transitionOn timeUp
time 0.500000

trajectory root
component
rotationAxis -1.0000000000000000 0.0000000000000000 0.0000000000000000
baseTrajectory
	0.000000 -0.003727
	0.010101 -0.015005
	0.020202 -0.015955
	0.030303 -0.017163
	0.040404 -0.018605
	0.050505 -0.020346
	0.060606 -0.022305
	0.070707 -0.024483
	0.080808 -0.026796
	0.090909 -0.029264
	0.101010 -0.031913
	0.111111 -0.034785
	0.121212 -0.037693
	0.131313 -0.040741
	0.141414 -0.043877
	0.151515 -0.046988
	0.161616 -0.050056
	0.171717 -0.053107
	0.181818 -0.056032
	0.191919 -0.058798
	0.202020 -0.061297
	0.212121 -0.063668
	0.222222 -0.065765
	0.232323 -0.067580
	0.242424 -0.069167
	0.252525 -0.070570
	0.262626 -0.071753
	0.272727 -0.072736
	0.282828 -0.073552
	0.292929 -0.074260
	0.303030 -0.074814
	0.313131 -0.075287
	0.323232 -0.075695
	0.333333 -0.076048
	0.343434 -0.076303
	0.353535 -0.076510
	0.363636 -0.076710
	0.373737 -0.076887
	0.383838 -0.077041
	0.393939 -0.077189
	0.404040 -0.077315
	0.414141 -0.077408
	0.424242 -0.077436
	0.434343 -0.077425
	0.444444 -0.077365
	0.454545 -0.077235
	0.464646 -0.077039
	0.474747 -0.076686
	0.484848 -0.076190
	0.494949 -0.075579
	0.505051 -0.074844
	0.515152 -0.073986
	0.525253 -0.073001
	0.535354 -0.071863
	0.545455 -0.070626
	0.555556 -0.069269
	0.565657 -0.067824
	0.575758 -0.066271
	0.585859 -0.064597
	0.595960 -0.062757
	0.606061 -0.060900
	0.616162 -0.059028
	0.626263 -0.057099
	0.636364 -0.055090
	0.646465 -0.052986
	0.656566 -0.050996
	0.666667 -0.049102
	0.676768 -0.047300
	0.686869 -0.045684
	0.696970 -0.044149
	0.707071 -0.042687
	0.717172 -0.041373
	0.727273 -0.040177
	0.737374 -0.039154
	0.747475 -0.038158
	0.757576 -0.037216
	0.767677 -0.036282
	0.777778 -0.035380
	0.787879 -0.034506
	0.797980 -0.033584
	0.808081 -0.032702
	0.818182 -0.031827
	0.828283 -0.030958
	0.838384 -0.030085
	0.848485 -0.029217
	0.858586 -0.028418
	0.868687 -0.027653
	0.878788 -0.026907
	0.888889 -0.026305
	0.898990 -0.025720
	0.909091 -0.025237
	0.919192 -0.024830
	0.929293 -0.024483
	0.939394 -0.024211
	0.949495 -0.024005
	0.959596 -0.023826
	0.969697 -0.023720
	0.979798 -0.023610
	0.989899 -0.023572
	1.000000 -0.023581
/baseTrajectory
/component
component
rotationAxis 0.0000000000000000 1.0000000000000000 0.0000000000000000
baseTrajectory
	0.000000 -0.111211
	0.010101 -0.104213
	0.020202 -0.105539
	0.030303 -0.106686
	0.040404 -0.107633
	0.050505 -0.108352
	0.060606 -0.108917
	0.070707 -0.109319
	0.080808 -0.109574
	0.090909 -0.109700
	0.101010 -0.109703
	0.111111 -0.109616
	0.121212 -0.109453
	0.131313 -0.109232
	0.141414 -0.108983
	0.151515 -0.108716
	0.161616 -0.108454
	0.171717 -0.108206
	0.181818 -0.107977
	0.191919 -0.107780
	0.202020 -0.107619
	0.212121 -0.107494
	0.222222 -0.107403
	0.232323 -0.107341
	0.242424 -0.107301
	0.252525 -0.107279
	0.262626 -0.107275
	0.272727 -0.107288
	0.282828 -0.107316
	0.292929 -0.107359
	0.303030 -0.107417
	0.313131 -0.107497
	0.323232 -0.107604
	0.333333 -0.107739
	0.343434 -0.107897
	0.353535 -0.108082
	0.363636 -0.108279
	0.373737 -0.108484
	0.383838 -0.108691
	0.393939 -0.108888
	0.404040 -0.109047
	0.414141 -0.109146
	0.424242 -0.109161
	0.434343 -0.109082
	0.444444 -0.108883
	0.454545 -0.108554
	0.464646 -0.108063
	0.474747 -0.107387
	0.484848 -0.106510
	0.494949 -0.105444
	0.505051 -0.104188
	0.515152 -0.102721
	0.525253 -0.101024
	0.535354 -0.099095
	0.545455 -0.096949
	0.555556 -0.094608
	0.565657 -0.092067
	0.575758 -0.089326
	0.585859 -0.086375
	0.595960 -0.083217
	0.606061 -0.079909
	0.616162 -0.076482
	0.626263 -0.072905
	0.636364 -0.069197
	0.646465 -0.065319
	0.656566 -0.061320
	0.666667 -0.057211
	0.676768 -0.053030
	0.686869 -0.048768
	0.696970 -0.044404
	0.707071 -0.039959
	0.717172 -0.035469
	0.727273 -0.030888
	0.737374 -0.026312
	0.747475 -0.021709
	0.757576 -0.017095
	0.767677 -0.012430
	0.777778 -0.007771
	0.787879 -0.003160
	0.797980 0.001494
	0.808081 0.006092
	0.818182 0.010594
	0.828283 0.015050
	0.838384 0.019401
	0.848485 0.023645
	0.858586 0.027723
	0.868687 0.031642
	0.878788 0.035459
	0.888889 0.039049
	0.898990 0.042539
	0.909091 0.045893
	0.919192 0.049086
	0.929293 0.052166
	0.939394 0.055111
	0.949495 0.057963
	0.959596 0.060747
	0.969697 0.063422
	0.979798 0.066031
	0.989899 0.068464
	1.000000 0.070753
/baseTrajectory
/component
component
rotationAxis 0.0000000000000000 0.0000000000000000 1.0000000000000000
baseTrajectory
	0.000000 -0.072077
	0.010101 -0.074997
	0.020202 -0.071298
	0.030303 -0.067480
	0.040404 -0.063599
	0.050505 -0.059624
	0.060606 -0.055543
	0.070707 -0.051307
	0.080808 -0.046918
	0.090909 -0.042353
	0.101010 -0.037588
	0.111111 -0.032639
	0.121212 -0.027470
	0.131313 -0.022040
	0.141414 -0.016401
	0.151515 -0.010485
	0.161616 -0.004332
	0.171717 0.002029
	0.181818 0.008611
	0.191919 0.015336
	0.202020 0.022169
	0.212121 0.029069
	0.222222 0.035962
	0.232323 0.042798
	0.242424 0.049494
	0.252525 0.056000
	0.262626 0.062214
	0.272727 0.068057
	0.282828 0.073525
	0.292929 0.078570
	0.303030 0.083156
	0.313131 0.087272
	0.323232 0.090933
	0.333333 0.094110
	0.343434 0.096800
	0.353535 0.099066
	0.363636 0.100979
	0.373737 0.102518
	0.383838 0.103710
	0.393939 0.104566
	0.404040 0.105118
	0.414141 0.105343
	0.424242 0.105312
	0.434343 0.105073
	0.444444 0.104650
	0.454545 0.103984
	0.464646 0.103147
	0.474747 0.102157
	0.484848 0.101078
	0.494949 0.099924
	0.505051 0.098745
	0.515152 0.097530
	0.525253 0.096306
	0.535354 0.095080
	0.545455 0.093941
	0.555556 0.092872
	0.565657 0.091897
	0.575758 0.091005
	0.585859 0.090241
	0.595960 0.089607
	0.606061 0.089168
	0.616162 0.088919
	0.626263 0.088869
	0.636364 0.089002
	0.646465 0.089339
	0.656566 0.089927
	0.666667 0.090771
	0.676768 0.091846
	0.686869 0.093177
	0.696970 0.094720
	0.707071 0.096469
	0.717172 0.098432
	0.727273 0.100583
	0.737374 0.102922
	0.747475 0.105394
	0.757576 0.107985
	0.767677 0.110668
	0.777778 0.113419
	0.787879 0.116220
	0.797980 0.119014
	0.808081 0.121781
	0.818182 0.124484
	0.828283 0.127070
	0.838384 0.129514
	0.848485 0.131767
	0.858586 0.133808
	0.868687 0.135590
	0.878788 0.137074
	0.888889 0.138283
	0.898990 0.139140
	0.909091 0.139667
	0.919192 0.139863
	0.929293 0.139654
	0.939394 0.139081
	0.949495 0.138107
	0.959596 0.136742
	0.969697 0.134977
	0.979798 0.132806
	0.989899 0.130295
	1.000000 0.127429
/baseTrajectory
/component
/trajectory

trajectory SWING_hip
component
rotationAxis -1.0000000000000000 0.0000000000000000 0.0000000000000000
baseTrajectory
	0.000000 -0.299940
	0.010101 -0.273564
	0.020202 -0.275153
	0.030303 -0.275753
	0.040404 -0.275325
	0.050505 -0.273721
	0.060606 -0.270985
	0.070707 -0.267037
	0.080808 -0.261920
	0.090909 -0.255551
	0.101010 -0.247878
	0.111111 -0.238842
	0.121212 -0.228591
	0.131313 -0.217013
	0.141414 -0.204173
	0.151515 -0.190194
	0.161616 -0.175137
	0.171717 -0.159024
	0.181818 -0.142038
	0.191919 -0.124284
	0.202020 -0.105966
	0.212121 -0.087017
	0.222222 -0.067694
	0.232323 -0.048109
	0.242424 -0.028297
	0.252525 -0.008290
	0.262626 0.011776
	0.272727 0.031835
	0.282828 0.051858
	0.292929 0.071841
	0.303030 0.091666
	0.313131 0.111362
	0.323232 0.130915
	0.333333 0.150275
	0.343434 0.169336
	0.353535 0.188135
	0.363636 0.206702
	0.373737 0.224975
	0.383838 0.242926
	0.393939 0.260533
	0.404040 0.277759
	0.414141 0.294542
	0.424242 0.310838
	0.434343 0.326666
	0.444444 0.341994
	0.454545 0.356745
	0.464646 0.370922
	0.474747 0.384402
	0.484848 0.397205
	0.494949 0.409348
	0.505051 0.420812
	0.515152 0.431590
	0.525253 0.441675
	0.535354 0.451022
	0.545455 0.459735
	0.555556 0.467776
	0.565657 0.475187
	0.575758 0.481934
	0.585859 0.488026
	0.595960 0.493416
	0.606061 0.498302
	0.616162 0.502692
	0.626263 0.506550
	0.636364 0.509841
	0.646465 0.512558
	0.656566 0.514974
	0.666667 0.517082
	0.676768 0.518892
	0.686869 0.520536
	0.696970 0.521881
	0.707071 0.522950
	0.717172 0.523862
	0.727273 0.524595
	0.737374 0.525272
	0.747475 0.525735
	0.757576 0.526064
	0.767677 0.526231
	0.777778 0.526326
	0.787879 0.526402
	0.797980 0.526389
	0.808081 0.526425
	0.818182 0.526540
	0.828283 0.526742
	0.838384 0.527057
	0.848485 0.527504
	0.858586 0.528173
	0.868687 0.529002
	0.878788 0.529959
	0.888889 0.531186
	0.898990 0.532518
	0.909091 0.534005
	0.919192 0.535604
	0.929293 0.537224
	0.939394 0.538867
	0.949495 0.540474
	0.959596 0.542005
	0.969697 0.543492
	0.979798 0.544858
	0.989899 0.546187
	1.000000 0.547449
/baseTrajectory
/component
component
rotationAxis 0.0000000000000000 1.0000000000000000 0.0000000000000000
baseTrajectory
	0.000000 -0.104708
	0.010101 -0.115922
	0.020202 -0.115606
	0.030303 -0.114922
	0.040404 -0.113858
	0.050505 -0.112483
	0.060606 -0.110609
	0.070707 -0.108320
	0.080808 -0.105624
	0.090909 -0.102517
	0.101010 -0.098961
	0.111111 -0.094869
	0.121212 -0.090472
	0.131313 -0.085718
	0.141414 -0.080561
	0.151515 -0.075208
	0.161616 -0.069643
	0.171717 -0.063847
	0.181818 -0.057946
	0.191919 -0.051944
	0.202020 -0.045931
	0.212121 -0.039849
	0.222222 -0.033802
	0.232323 -0.027824
	0.242424 -0.021914
	0.252525 -0.016114
	0.262626 -0.010484
	0.272727 -0.005026
	0.282828 0.000192
	0.292929 0.005152
	0.303030 0.009805
	0.313131 0.014143
	0.323232 0.018126
	0.333333 0.021760
	0.343434 0.025007
	0.353535 0.027867
	0.363636 0.030319
	0.373737 0.032382
	0.383838 0.034061
	0.393939 0.035357
	0.404040 0.036268
	0.414141 0.036786
	0.424242 0.036911
	0.434343 0.036671
	0.444444 0.036080
	0.454545 0.035167
	0.464646 0.033919
	0.474747 0.032330
	0.484848 0.030432
	0.494949 0.028277
	0.505051 0.025920
	0.515152 0.023348
	0.525253 0.020573
	0.535354 0.017612
	0.545455 0.014516
	0.555556 0.011329
	0.565657 0.008063
	0.575758 0.004715
	0.585859 0.001273
	0.595960 -0.002280
	0.606061 -0.005837
	0.616162 -0.009401
	0.626263 -0.013030
	0.636364 -0.016746
	0.646465 -0.020614
	0.656566 -0.024565
	0.666667 -0.028650
	0.676768 -0.032892
	0.686869 -0.037351
	0.696970 -0.042119
	0.707071 -0.047237
	0.717172 -0.052789
	0.727273 -0.058891
	0.737374 -0.065561
	0.747475 -0.072922
	0.757576 -0.081055
	0.767677 -0.090076
	0.777778 -0.099962
	0.787879 -0.110672
	0.797980 -0.122396
	0.808081 -0.134787
	0.818182 -0.147844
	0.828283 -0.161461
	0.838384 -0.175440
	0.848485 -0.189561
	0.858586 -0.203479
	0.868687 -0.216926
	0.878788 -0.229836
	0.888889 -0.241633
	0.898990 -0.252538
	0.909091 -0.262106
	0.919192 -0.270162
	0.929293 -0.276592
	0.939394 -0.281215
	0.949495 -0.284052
	0.959596 -0.285237
	0.969697 -0.284655
	0.979798 -0.282553
	0.989899 -0.278624
	1.000000 -0.273102
/baseTrajectory
/component
component
rotationAxis 0.0000000000000000 0.0000000000000000 1.0000000000000000
baseTrajectory
	0.000000 0.064340
	0.010101 0.077890
	0.020202 0.071154
	0.030303 0.064471
	0.040404 0.057913
	0.050505 0.051471
	0.060606 0.045133
	0.070707 0.038848
	0.080808 0.032607
	0.090909 0.026402
	0.101010 0.020226
	0.111111 0.014117
	0.121212 0.007967
	0.131313 0.001775
	0.141414 -0.004412
	0.151515 -0.010719
	0.161616 -0.017101
	0.171717 -0.023517
	0.181818 -0.030021
	0.191919 -0.036534
	0.202020 -0.043051
	0.212121 -0.049492
	0.222222 -0.055822
	0.232323 -0.061993
	0.242424 -0.067909
	0.252525 -0.073515
	0.262626 -0.078725
	0.272727 -0.083451
	0.282828 -0.087712
	0.292929 -0.091455
	0.303030 -0.094674
	0.313131 -0.097357
	0.323232 -0.099552
	0.333333 -0.101224
	0.343434 -0.102394
	0.353535 -0.103133
	0.363636 -0.103551
	0.373737 -0.103614
	0.383838 -0.103355
	0.393939 -0.102781
	0.404040 -0.101937
	0.414141 -0.100788
	0.424242 -0.099440
	0.434343 -0.097941
	0.444444 -0.096314
	0.454545 -0.094460
	0.464646 -0.092485
	0.474747 -0.090440
	0.484848 -0.088395
	0.494949 -0.086343
	0.505051 -0.084337
	0.515152 -0.082362
	0.525253 -0.080461
	0.535354 -0.078649
	0.545455 -0.077023
	0.555556 -0.075547
	0.565657 -0.074243
	0.575758 -0.073107
	0.585859 -0.072217
	0.595960 -0.071589
	0.606061 -0.071239
	0.616162 -0.071163
	0.626263 -0.071404
	0.636364 -0.071949
	0.646465 -0.072854
	0.656566 -0.074112
	0.666667 -0.075737
	0.676768 -0.077685
	0.686869 -0.079988
	0.696970 -0.082629
	0.707071 -0.085586
	0.717172 -0.088854
	0.727273 -0.092425
	0.737374 -0.096251
	0.747475 -0.100309
	0.757576 -0.104564
	0.767677 -0.109004
	0.777778 -0.113558
	0.787879 -0.118172
	0.797980 -0.122846
	0.808081 -0.127438
	0.818182 -0.131904
	0.828283 -0.136186
	0.838384 -0.140232
	0.848485 -0.143974
	0.858586 -0.147342
	0.868687 -0.150293
	0.878788 -0.152846
	0.888889 -0.154921
	0.898990 -0.156587
	0.909091 -0.157820
	0.919192 -0.158633
	0.929293 -0.158960
	0.939394 -0.158841
	0.949495 -0.158259
	0.959596 -0.157262
	0.969697 -0.155786
	0.979798 -0.153873
	0.989899 -0.151467
	1.000000 -0.148562
/baseTrajectory
/component
/trajectory

trajectory STANCE_hip
component
rotationAxis -1.0000000000000000 0.0000000000000000 0.0000000000000000
baseTrajectory
	0.000000 0.486142
	0.010101 0.493313
	0.020202 0.494499
	0.030303 0.496052
	0.040404 0.497957
	0.050505 0.500270
	0.060606 0.502881
	0.070707 0.505730
	0.080808 0.508752
	0.090909 0.511915
	0.101010 0.515216
	0.111111 0.518658
	0.121212 0.522000
	0.131313 0.525307
	0.141414 0.528494
	0.151515 0.531415
	0.161616 0.534010
	0.171717 0.536259
	0.181818 0.538009
	0.191919 0.539200
	0.202020 0.539682
	0.212121 0.539553
	0.222222 0.538632
	0.232323 0.536886
	0.242424 0.534327
	0.252525 0.530992
	0.262626 0.526820
	0.272727 0.521809
	0.282828 0.515994
	0.292929 0.509442
	0.303030 0.502119
	0.313131 0.494108
	0.323232 0.485453
	0.333333 0.476184
	0.343434 0.466278
	0.353535 0.455825
	0.363636 0.444924
	0.373737 0.433584
	0.383838 0.421846
	0.393939 0.409754
	0.404040 0.397344
	0.414141 0.384641
	0.424242 0.371643
	0.434343 0.358412
	0.444444 0.344975
	0.454545 0.331319
	0.464646 0.317517
	0.474747 0.303460
	0.484848 0.289226
	0.494949 0.274834
	0.505051 0.260254
	0.515152 0.245547
	0.525253 0.230764
	0.535354 0.215848
	0.545455 0.200933
	0.555556 0.185905
	0.565657 0.170888
	0.575758 0.155805
	0.585859 0.140745
	0.595960 0.125675
	0.606061 0.110766
	0.616162 0.095976
	0.626263 0.081297
	0.636364 0.066652
	0.646465 0.052119
	0.656566 0.037892
	0.666667 0.023980
	0.676768 0.010307
	0.686869 -0.002987
	0.696970 -0.016064
	0.707071 -0.028923
	0.717172 -0.041450
	0.727273 -0.053690
	0.737374 -0.065608
	0.747475 -0.077356
	0.757576 -0.088918
	0.767677 -0.100346
	0.777778 -0.111630
	0.787879 -0.122762
	0.797980 -0.133829
	0.808081 -0.144745
	0.818182 -0.155526
	0.828283 -0.166163
	0.838384 -0.176666
	0.848485 -0.186997
	0.858586 -0.197053
	0.868687 -0.206843
	0.878788 -0.216362
	0.888889 -0.225430
	0.898990 -0.234176
	0.909091 -0.242473
	0.919192 -0.250321
	0.929293 -0.257679
	0.939394 -0.264511
	0.949495 -0.270769
	0.959596 -0.276499
	0.969697 -0.281586
	0.979798 -0.286097
	0.989899 -0.289889
	1.000000 -0.292948
/baseTrajectory
/component
component
rotationAxis 0.0000000000000000 -1.0000000000000000 0.0000000000000000
baseTrajectory
	0.000000 -0.251005
	0.010101 -0.242579
	0.020202 -0.235976
	0.030303 -0.229122
	0.040404 -0.222090
	0.050505 -0.214982
	0.060606 -0.207992
	0.070707 -0.201054
	0.080808 -0.194398
	0.090909 -0.187976
	0.101010 -0.181787
	0.111111 -0.175764
	0.121212 -0.170008
	0.131313 -0.164486
	0.141414 -0.159185
	0.151515 -0.154260
	0.161616 -0.149719
	0.171717 -0.145482
	0.181818 -0.141680
	0.191919 -0.138329
	0.202020 -0.135522
	0.212121 -0.133152
	0.222222 -0.131277
	0.232323 -0.129896
	0.242424 -0.128896
	0.252525 -0.128260
	0.262626 -0.127934
	0.272727 -0.127795
	0.282828 -0.127833
	0.292929 -0.127969
	0.303030 -0.128162
	0.313131 -0.128344
	0.323232 -0.128481
	0.333333 -0.128505
	0.343434 -0.128386
	0.353535 -0.128125
	0.363636 -0.127741
	0.373737 -0.127191
	0.383838 -0.126468
	0.393939 -0.125573
	0.404040 -0.124511
	0.414141 -0.123318
	0.424242 -0.121981
	0.434343 -0.120536
	0.444444 -0.119002
	0.454545 -0.117352
	0.464646 -0.115683
	0.474747 -0.113970
	0.484848 -0.112278
	0.494949 -0.110595
	0.505051 -0.108838
	0.515152 -0.107128
	0.525253 -0.105505
	0.535354 -0.103909
	0.545455 -0.102450
	0.555556 -0.100967
	0.565657 -0.099590
	0.575758 -0.098223
	0.585859 -0.096994
	0.595960 -0.095960
	0.606061 -0.095101
	0.616162 -0.094353
	0.626263 -0.093726
	0.636364 -0.093134
	0.646465 -0.092659
	0.656566 -0.092184
	0.666667 -0.091746
	0.676768 -0.091246
	0.686869 -0.090651
	0.696970 -0.089847
	0.707071 -0.088859
	0.717172 -0.087717
	0.727273 -0.086321
	0.737374 -0.084721
	0.747475 -0.082897
	0.757576 -0.080809
	0.767677 -0.078362
	0.777778 -0.075581
	0.787879 -0.072560
	0.797980 -0.069129
	0.808081 -0.065374
	0.818182 -0.061374
	0.828283 -0.057074
	0.838384 -0.052559
	0.848485 -0.047873
	0.858586 -0.043153
	0.868687 -0.038414
	0.878788 -0.033575
	0.888889 -0.028883
	0.898990 -0.024223
	0.909091 -0.019663
	0.919192 -0.015241
	0.929293 -0.010984
	0.939394 -0.006923
	0.949495 -0.003019
	0.959596 0.000741
	0.969697 0.004275
	0.979798 0.007707
	0.989899 0.010927
	1.000000 0.013989
/baseTrajectory
/component
component
rotationAxis 0.0000000000000000 0.0000000000000000 -1.0000000000000000
baseTrajectory
	0.000000 -0.108024
	0.010101 -0.102415
	0.020202 -0.098091
	0.030303 -0.093629
	0.040404 -0.089063
	0.050505 -0.084341
	0.060606 -0.079484
	0.070707 -0.074405
	0.080808 -0.069136
	0.090909 -0.063638
	0.101010 -0.057882
	0.111111 -0.051884
	0.121212 -0.045602
	0.131313 -0.039000
	0.141414 -0.032138
	0.151515 -0.024958
	0.161616 -0.017509
	0.171717 -0.009812
	0.181818 -0.001869
	0.191919 0.006234
	0.202020 0.014450
	0.212121 0.022739
	0.222222 0.031026
	0.232323 0.039260
	0.242424 0.047368
	0.252525 0.055289
	0.262626 0.062933
	0.272727 0.070233
	0.282828 0.077180
	0.292929 0.083729
	0.303030 0.089855
	0.313131 0.095544
	0.323232 0.100815
	0.333333 0.105642
	0.343434 0.110034
	0.353535 0.114042
	0.363636 0.117734
	0.373737 0.121093
	0.383838 0.124141
	0.393939 0.126881
	0.404040 0.129346
	0.414141 0.131502
	0.424242 0.133430
	0.434343 0.135164
	0.444444 0.136724
	0.454545 0.138039
	0.464646 0.139172
	0.474747 0.140152
	0.484848 0.141033
	0.494949 0.141820
	0.505051 0.142571
	0.515152 0.143242
	0.525253 0.143857
	0.535354 0.144432
	0.545455 0.145038
	0.555556 0.145671
	0.565657 0.146324
	0.575758 0.146994
	0.585859 0.147717
	0.595960 0.148484
	0.606061 0.149354
	0.616162 0.150331
	0.626263 0.151410
	0.636364 0.152589
	0.646465 0.153865
	0.656566 0.155289
	0.666667 0.156854
	0.676768 0.158543
	0.686869 0.160373
	0.696970 0.162306
	0.707071 0.164331
	0.717172 0.166441
	0.727273 0.168597
	0.737374 0.170807
	0.747475 0.173013
	0.757576 0.175195
	0.767677 0.177313
	0.777778 0.179353
	0.787879 0.181296
	0.797980 0.183060
	0.808081 0.184649
	0.818182 0.186028
	0.828283 0.187134
	0.838384 0.187958
	0.848485 0.188454
	0.858586 0.188616
	0.868687 0.188411
	0.878788 0.187795
	0.888889 0.186834
	0.898990 0.185433
	0.909091 0.183643
	0.919192 0.181488
	0.929293 0.178882
	0.939394 0.175896
	0.949495 0.172491
	0.959596 0.168682
	0.969697 0.164483
	0.979798 0.159891
	0.989899 0.155020
	1.000000 0.149858
/baseTrajectory
/component
/trajectory

trajectory SWING_knee
component
rotationAxis -1.0000000000000000 0.0000000000000000 0.0000000000000000
baseTrajectory
	0.000000 -0.232637
	0.010101 -0.231188
	0.020202 -0.241829
	0.030303 -0.253441
	0.040404 -0.266107
	0.050505 -0.279916
	0.060606 -0.294907
	0.070707 -0.311168
	0.080808 -0.328742
	0.090909 -0.347686
	0.101010 -0.367993
	0.111111 -0.389640
	0.121212 -0.412668
	0.131313 -0.437029
	0.141414 -0.462668
	0.151515 -0.489528
	0.161616 -0.517501
	0.171717 -0.546453
	0.181818 -0.576234
	0.191919 -0.606684
	0.202020 -0.637621
	0.212121 -0.668862
	0.222222 -0.700204
	0.232323 -0.731433
	0.242424 -0.762361
	0.252525 -0.792812
	0.262626 -0.822586
	0.272727 -0.851511
	0.282828 -0.879439
	0.292929 -0.906229
	0.303030 -0.931738
	0.313131 -0.955858
	0.323232 -0.978508
	0.333333 -0.999579
	0.343434 -1.018983
	0.353535 -1.036684
	0.363636 -1.052672
	0.373737 -1.066892
	0.383838 -1.079332
	0.393939 -1.089967
	0.404040 -1.098815
	0.414141 -1.105853
	0.424242 -1.111127
	0.434343 -1.114673
	0.444444 -1.116521
	0.454545 -1.116652
	0.464646 -1.115122
	0.474747 -1.111966
	0.484848 -1.107243
	0.494949 -1.100980
	0.505051 -1.093223
	0.515152 -1.084000
	0.525253 -1.073353
	0.535354 -1.061310
	0.545455 -1.047952
	0.555556 -1.033310
	0.565657 -1.017408
	0.575758 -1.000281
	0.585859 -0.981971
	0.595960 -0.962512
	0.606061 -0.941966
	0.616162 -0.920364
	0.626263 -0.897744
	0.636364 -0.874134
	0.646465 -0.849561
	0.656566 -0.824108
	0.666667 -0.797817
	0.676768 -0.770746
	0.686869 -0.742972
	0.696970 -0.714522
	0.707071 -0.685487
	0.717172 -0.655974
	0.727273 -0.626074
	0.737374 -0.595941
	0.747475 -0.565671
	0.757576 -0.535439
	0.767677 -0.505396
	0.777778 -0.475740
	0.787879 -0.446678
	0.797980 -0.418394
	0.808081 -0.391048
	0.818182 -0.364884
	0.828283 -0.340074
	0.838384 -0.316810
	0.848485 -0.295236
	0.858586 -0.275495
	0.868687 -0.257671
	0.878788 -0.241875
	0.888889 -0.228155
	0.898990 -0.216613
	0.909091 -0.207211
	0.919192 -0.199960
	0.929293 -0.194761
	0.939394 -0.191579
	0.949495 -0.190304
	0.959596 -0.190921
	0.969697 -0.193291
	0.979798 -0.197366
	0.989899 -0.202973
	1.000000 -0.209996
/baseTrajectory
/component
/trajectory

trajectory SWING_ankle
component
rotationAxis -0.9791263326308125 -0.1740220591191320 -0.1050140356755843
baseTrajectory
	0.000000 0.249616
	0.010101 0.242428
	0.020202 0.232022
	0.030303 0.220047
	0.040404 0.206458
	0.050505 0.190972
	0.060606 0.173641
	0.070707 0.154448
	0.080808 0.133403
	0.090909 0.110481
	0.101010 0.085733
	0.111111 0.059333
	0.121212 0.031418
	0.131313 0.002147
	0.141414 -0.028027
	0.151515 -0.058846
	0.161616 -0.089915
	0.171717 -0.120815
	0.181818 -0.151108
	0.191919 -0.180316
	0.202020 -0.207997
	0.212121 -0.233765
	0.222222 -0.257195
	0.232323 -0.278018
	0.242424 -0.295962
	0.252525 -0.310882
	0.262626 -0.322659
	0.272727 -0.331228
	0.282828 -0.336641
	0.292929 -0.339011
	0.303030 -0.338433
	0.313131 -0.335142
	0.323232 -0.329279
	0.333333 -0.321172
	0.343434 -0.311065
	0.353535 -0.299277
	0.363636 -0.285980
	0.373737 -0.271534
	0.383838 -0.256208
	0.393939 -0.240352
	0.404040 -0.224134
	0.414141 -0.208018
	0.424242 -0.191935
	0.434343 -0.176098
	0.444444 -0.160633
	0.454545 -0.145876
	0.464646 -0.131851
	0.474747 -0.118506
	0.484848 -0.105847
	0.494949 -0.093968
	0.505051 -0.082605
	0.515152 -0.072061
	0.525253 -0.062278
	0.535354 -0.053144
	0.545455 -0.044599
	0.555556 -0.036491
	0.565657 -0.028930
	0.575758 -0.021789
	0.585859 -0.015048
	0.595960 -0.008727
	0.606061 -0.002729
	0.616162 0.003010
	0.626263 0.008461
	0.636364 0.013740
	0.646465 0.018763
	0.656566 0.023553
	0.666667 0.028074
	0.676768 0.032397
	0.686869 0.036498
	0.696970 0.040439
	0.707071 0.044208
	0.717172 0.047844
	0.727273 0.051349
	0.737374 0.054777
	0.747475 0.058164
	0.757576 0.061564
	0.767677 0.065041
	0.777778 0.068590
	0.787879 0.072232
	0.797980 0.076048
	0.808081 0.079911
	0.818182 0.083871
	0.828283 0.087851
	0.838384 0.091882
	0.848485 0.095849
	0.858586 0.099614
	0.868687 0.103124
	0.878788 0.106337
	0.888889 0.109061
	0.898990 0.111280
	0.909091 0.112840
	0.919192 0.113709
	0.929293 0.113603
	0.939394 0.112526
	0.949495 0.110267
	0.959596 0.106856
	0.969697 0.102021
	0.979798 0.095850
	0.989899 0.088234
	1.000000 0.079111
/baseTrajectory
/component
/trajectory

trajectory SWING_subtalar
component
rotationAxis 0.1209490032045439 0.6047470160227725 0.7871800208563350
baseTrajectory
	0.000000 0.084673
	0.010101 0.090104
	0.020202 0.091471
	0.030303 0.091238
	0.040404 0.089339
	0.050505 0.085580
	0.060606 0.079955
	0.070707 0.072610
	0.080808 0.063598
	0.090909 0.052885
	0.101010 0.040434
	0.111111 0.026111
	0.121212 0.010536
	0.131313 -0.006499
	0.141414 -0.024860
	0.151515 -0.044032
	0.161616 -0.063920
	0.171717 -0.084452
	0.181818 -0.105147
	0.191919 -0.125877
	0.202020 -0.146218
	0.212121 -0.166424
	0.222222 -0.185999
	0.232323 -0.204796
	0.242424 -0.222893
	0.252525 -0.240280
	0.262626 -0.256795
	0.272727 -0.272488
	0.282828 -0.287328
	0.292929 -0.301386
	0.303030 -0.314439
	0.313131 -0.326586
	0.323232 -0.337672
	0.333333 -0.347680
	0.343434 -0.356504
	0.353535 -0.364179
	0.363636 -0.370462
	0.373737 -0.375328
	0.383838 -0.378811
	0.393939 -0.381017
	0.404040 -0.381926
	0.414141 -0.381844
	0.424242 -0.380594
	0.434343 -0.378251
	0.444444 -0.374899
	0.454545 -0.371105
	0.464646 -0.366912
	0.474747 -0.362215
	0.484848 -0.357097
	0.494949 -0.351776
	0.505051 -0.346158
	0.515152 -0.340709
	0.525253 -0.335479
	0.535354 -0.330486
	0.545455 -0.325633
	0.555556 -0.320937
	0.565657 -0.316656
	0.575758 -0.312761
	0.585859 -0.309178
	0.595960 -0.305909
	0.606061 -0.302868
	0.616162 -0.300037
	0.626263 -0.297381
	0.636364 -0.294805
	0.646465 -0.292268
	0.656566 -0.289742
	0.666667 -0.287142
	0.676768 -0.284444
	0.686869 -0.281483
	0.696970 -0.278121
	0.707071 -0.274339
	0.717172 -0.269791
	0.727273 -0.264322
	0.737374 -0.257711
	0.747475 -0.249816
	0.757576 -0.240413
	0.767677 -0.229161
	0.777778 -0.216151
	0.787879 -0.201454
	0.797980 -0.184497
	0.808081 -0.166046
	0.818182 -0.145957
	0.828283 -0.124590
	0.838384 -0.102142
	0.848485 -0.079050
	0.858586 -0.056050
	0.868687 -0.033560
	0.878788 -0.011599
	0.888889 0.008611
	0.898990 0.027306
	0.909091 0.043685
	0.919192 0.057542
	0.929293 0.068264
	0.939394 0.075672
	0.949495 0.079564
	0.959596 0.080227
	0.969697 0.077090
	0.979798 0.070772
	0.989899 0.060863
	1.000000 0.047572
/baseTrajectory
/component
/trajectory

trajectory STANCE_knee
component
rotationAxis -1.0000000000000000 0.0000000000000000 0.0000000000000000
baseTrajectory
	0.000000 -0.121206
	0.010101 -0.120118
	0.020202 -0.129174
	0.030303 -0.139266
	0.040404 -0.150268
	0.050505 -0.162002
	0.060606 -0.174369
	0.070707 -0.187153
	0.080808 -0.200330
	0.090909 -0.213736
	0.101010 -0.227256
	0.111111 -0.240781
	0.121212 -0.254216
	0.131313 -0.267454
	0.141414 -0.280435
	0.151515 -0.293104
	0.161616 -0.305396
	0.171717 -0.317209
	0.181818 -0.328490
	0.191919 -0.339199
	0.202020 -0.349283
	0.212121 -0.358635
	0.222222 -0.367220
	0.232323 -0.374995
	0.242424 -0.381868
	0.252525 -0.387806
	0.262626 -0.392783
	0.272727 -0.396747
	0.282828 -0.399684
	0.292929 -0.401592
	0.303030 -0.402490
	0.313131 -0.402372
	0.323232 -0.401268
	0.333333 -0.399205
	0.343434 -0.396228
	0.353535 -0.392372
	0.363636 -0.387711
	0.373737 -0.382294
	0.383838 -0.376186
	0.393939 -0.369438
	0.404040 -0.362133
	0.414141 -0.354354
	0.424242 -0.346148
	0.434343 -0.337566
	0.444444 -0.328680
	0.454545 -0.319526
	0.464646 -0.310221
	0.474747 -0.300750
	0.484848 -0.291215
	0.494949 -0.281598
	0.505051 -0.271864
	0.515152 -0.262124
	0.525253 -0.252475
	0.535354 -0.242878
	0.545455 -0.233438
	0.555556 -0.224016
	0.565657 -0.214759
	0.575758 -0.205593
	0.585859 -0.196689
	0.595960 -0.188080
	0.606061 -0.179777
	0.616162 -0.171707
	0.626263 -0.163946
	0.636364 -0.156425
	0.646465 -0.149315
	0.656566 -0.142553
	0.666667 -0.136201
	0.676768 -0.130142
	0.686869 -0.124450
	0.696970 -0.119072
	0.707071 -0.114025
	0.717172 -0.109374
	0.727273 -0.105117
	0.737374 -0.101206
	0.747475 -0.097671
	0.757576 -0.094495
	0.767677 -0.091695
	0.777778 -0.089231
	0.787879 -0.087118
	0.797980 -0.085373
	0.808081 -0.083952
	0.818182 -0.082875
	0.828283 -0.082159
	0.838384 -0.081789
	0.848485 -0.081794
	0.858586 -0.082206
	0.868687 -0.083067
	0.878788 -0.084408
	0.888889 -0.086263
	0.898990 -0.088655
	0.909091 -0.091629
	0.919192 -0.095208
	0.929293 -0.099488
	0.939394 -0.104483
	0.949495 -0.110282
	0.959596 -0.116877
	0.969697 -0.124346
	0.979798 -0.132715
	0.989899 -0.142051
	1.000000 -0.152408
/baseTrajectory
/component
/trajectory

trajectory STANCE_ankle
component
rotationAxis -0.9791263326308125 0.1740220591191320 0.1050140356755843
baseTrajectory
	0.000000 0.045424
	0.010101 0.045395
	0.020202 0.034134
	0.030303 0.021731
	0.040404 0.008392
	0.050505 -0.005874
	0.060606 -0.020541
	0.070707 -0.035382
	0.080808 -0.049894
	0.090909 -0.063849
	0.101010 -0.076957
	0.111111 -0.088937
	0.121212 -0.099490
	0.131313 -0.108527
	0.141414 -0.115779
	0.151515 -0.121130
	0.161616 -0.124522
	0.171717 -0.126067
	0.181818 -0.125711
	0.191919 -0.123535
	0.202020 -0.119572
	0.212121 -0.114167
	0.222222 -0.107370
	0.232323 -0.099377
	0.242424 -0.090475
	0.252525 -0.080911
	0.262626 -0.070827
	0.272727 -0.060481
	0.282828 -0.050047
	0.292929 -0.039739
	0.303030 -0.029595
	0.313131 -0.019788
	0.323232 -0.010389
	0.333333 -0.001482
	0.343434 0.006937
	0.353535 0.014816
	0.363636 0.022163
	0.373737 0.028975
	0.383838 0.035291
	0.393939 0.041102
	0.404040 0.046466
	0.414141 0.051379
	0.424242 0.055934
	0.434343 0.060154
	0.444444 0.064076
	0.454545 0.067742
	0.464646 0.071201
	0.474747 0.074504
	0.484848 0.077676
	0.494949 0.080727
	0.505051 0.083728
	0.515152 0.086669
	0.525253 0.089576
	0.535354 0.092484
	0.545455 0.095375
	0.555556 0.098288
	0.565657 0.101233
	0.575758 0.104251
	0.585859 0.107340
	0.595960 0.110523
	0.606061 0.113768
	0.616162 0.117087
	0.626263 0.120511
	0.636364 0.124063
	0.646465 0.127748
	0.656566 0.131509
	0.666667 0.135345
	0.676768 0.139270
	0.686869 0.143249
	0.696970 0.147326
	0.707071 0.151495
	0.717172 0.155712
	0.727273 0.160006
	0.737374 0.164319
	0.747475 0.168692
	0.757576 0.173090
	0.767677 0.177519
	0.777778 0.181931
	0.787879 0.186296
	0.797980 0.190645
	0.808081 0.194911
	0.818182 0.199058
	0.828283 0.203107
	0.838384 0.207016
	0.848485 0.210790
	0.858586 0.214380
	0.868687 0.217791
	0.878788 0.221027
	0.888889 0.223990
	0.898990 0.226759
	0.909091 0.229266
	0.919192 0.231459
	0.929293 0.233355
	0.939394 0.234873
	0.949495 0.235978
	0.959596 0.236649
	0.969697 0.236743
	0.979798 0.236254
	0.989899 0.234884
	1.000000 0.232523
/baseTrajectory
/component
/trajectory

trajectory STANCE_subtalar
component
rotationAxis 0.1209490032045439 -0.6047470160227725 -0.7871800208563350
baseTrajectory
	0.000000 -0.032654
	0.010101 0.010428
	0.020202 -0.006610
	0.030303 -0.023756
	0.040404 -0.040806
	0.050505 -0.057833
	0.060606 -0.074342
	0.070707 -0.090541
	0.080808 -0.105824
	0.090909 -0.120423
	0.101010 -0.134402
	0.111111 -0.147805
	0.121212 -0.160657
	0.131313 -0.173112
	0.141414 -0.185053
	0.151515 -0.196397
	0.161616 -0.207130
	0.171717 -0.217446
	0.181818 -0.227124
	0.191919 -0.236089
	0.202020 -0.244135
	0.212121 -0.251439
	0.222222 -0.257809
	0.232323 -0.263192
	0.242424 -0.267759
	0.252525 -0.271446
	0.262626 -0.274294
	0.272727 -0.276447
	0.282828 -0.277892
	0.292929 -0.278722
	0.303030 -0.279009
	0.313131 -0.278843
	0.323232 -0.278301
	0.333333 -0.277476
	0.343434 -0.276467
	0.353535 -0.275289
	0.363636 -0.273997
	0.373737 -0.272646
	0.383838 -0.271276
	0.393939 -0.269908
	0.404040 -0.268564
	0.414141 -0.267279
	0.424242 -0.266018
	0.434343 -0.264743
	0.444444 -0.263456
	0.454545 -0.262114
	0.464646 -0.260724
	0.474747 -0.259193
	0.484848 -0.257527
	0.494949 -0.255676
	0.505051 -0.253562
	0.515152 -0.251173
	0.525253 -0.248548
	0.535354 -0.245615
	0.545455 -0.242458
	0.555556 -0.238967
	0.565657 -0.235167
	0.575758 -0.230971
	0.585859 -0.226500
	0.595960 -0.221672
	0.606061 -0.216620
	0.616162 -0.211313
	0.626263 -0.205729
	0.636364 -0.199825
	0.646465 -0.193641
	0.656566 -0.187337
	0.666667 -0.180953
	0.676768 -0.174421
	0.686869 -0.167891
	0.696970 -0.161236
	0.707071 -0.154478
	0.717172 -0.147754
	0.727273 -0.141005
	0.737374 -0.134375
	0.747475 -0.127798
	0.757576 -0.121354
	0.767677 -0.115000
	0.777778 -0.108877
	0.787879 -0.103055
	0.797980 -0.097448
	0.808081 -0.092178
	0.818182 -0.087304
	0.828283 -0.082771
	0.838384 -0.078581
	0.848485 -0.074683
	0.858586 -0.071162
	0.868687 -0.067891
	0.878788 -0.064824
	0.888889 -0.062114
	0.898990 -0.059574
	0.909091 -0.057259
	0.919192 -0.055168
	0.929293 -0.053192
	0.939394 -0.051401
	0.949495 -0.049782
	0.959596 -0.048324
	0.969697 -0.047171
	0.979798 -0.046256
	0.989899 -0.045830
	1.000000 -0.045946
/baseTrajectory
/component
/trajectory

trajectory back
component
rotationAxis -1.0000000000000000 0.0000000000000000 0.0000000000000000
baseTrajectory
	0.000000 -0.066535
	0.010101 -0.052417
	0.020202 -0.049786
	0.030303 -0.046829
	0.040404 -0.043592
	0.050505 -0.040001
	0.060606 -0.036160
	0.070707 -0.032067
	0.080808 -0.027822
	0.090909 -0.023407
	0.101010 -0.018797
	0.111111 -0.013956
	0.121212 -0.009090
	0.131313 -0.004084
	0.141414 0.000991
	0.151515 0.006023
	0.161616 0.010982
	0.171717 0.015890
	0.181818 0.020631
	0.191919 0.025157
	0.202020 0.029349
	0.212121 0.033353
	0.222222 0.037001
	0.232323 0.040285
	0.242424 0.043249
	0.252525 0.045935
	0.262626 0.048296
	0.272727 0.050341
	0.282828 0.052109
	0.292929 0.053658
	0.303030 0.054938
	0.313131 0.056026
	0.323232 0.056940
	0.333333 0.057691
	0.343434 0.058234
	0.353535 0.058635
	0.363636 0.058950
	0.373737 0.059157
	0.383838 0.059260
	0.393939 0.059283
	0.404040 0.059207
	0.414141 0.059024
	0.424242 0.058702
	0.434343 0.058277
	0.444444 0.057738
	0.454545 0.057058
	0.464646 0.056246
	0.474747 0.055210
	0.484848 0.053967
	0.494949 0.052560
	0.505051 0.050990
	0.515152 0.049251
	0.525253 0.047342
	0.535354 0.045239
	0.545455 0.043011
	0.555556 0.040637
	0.565657 0.038156
	0.575758 0.035542
	0.585859 0.032781
	0.595960 0.029820
	0.606061 0.026834
	0.616162 0.023829
	0.626263 0.020752
	0.636364 0.017577
	0.646465 0.014276
	0.656566 0.011083
	0.666667 0.007976
	0.676768 0.004955
	0.686869 0.002118
	0.696970 -0.000658
	0.707071 -0.003377
	0.717172 -0.005958
	0.727273 -0.008440
	0.737374 -0.010744
	0.747475 -0.013035
	0.757576 -0.015277
	0.767677 -0.017527
	0.777778 -0.019743
	0.787879 -0.021919
	0.797980 -0.024151
	0.808081 -0.026322
	0.818182 -0.028455
	0.828283 -0.030556
	0.838384 -0.032618
	0.848485 -0.034626
	0.858586 -0.036497
	0.868687 -0.038268
	0.878788 -0.039963
	0.888889 -0.041417
	0.898990 -0.042780
	0.909091 -0.043951
	0.919192 -0.044950
	0.929293 -0.045796
	0.939394 -0.046466
	0.949495 -0.046970
	0.959596 -0.047348
	0.969697 -0.047536
	0.979798 -0.047627
	0.989899 -0.047528
	1.000000 -0.047273
/baseTrajectory
/component
component
rotationAxis 0.0000000000000000 1.0000000000000000 0.0000000000000000
baseTrajectory
	0.000000 0.067666
	0.010101 0.066282
	0.020202 0.066258
	0.030303 0.066025
	0.040404 0.065589
	0.050505 0.064937
	0.060606 0.064100
	0.070707 0.063116
	0.080808 0.062000
	0.090909 0.060789
	0.101010 0.059480
	0.111111 0.058088
	0.121212 0.056653
	0.131313 0.055190
	0.141414 0.053728
	0.151515 0.052307
	0.161616 0.050940
	0.171717 0.049640
	0.181818 0.048417
	0.191919 0.047292
	0.202020 0.046262
	0.212121 0.045337
	0.222222 0.044505
	0.232323 0.043758
	0.242424 0.043077
	0.252525 0.042486
	0.262626 0.041983
	0.272727 0.041546
	0.282828 0.041175
	0.292929 0.040880
	0.303030 0.040648
	0.313131 0.040486
	0.323232 0.040399
	0.333333 0.040384
	0.343434 0.040410
	0.353535 0.040469
	0.363636 0.040575
	0.373737 0.040722
	0.383838 0.040899
	0.393939 0.041096
	0.404040 0.041301
	0.414141 0.041491
	0.424242 0.041635
	0.434343 0.041731
	0.444444 0.041766
	0.454545 0.041705
	0.464646 0.041540
	0.474747 0.041194
	0.484848 0.040668
	0.494949 0.039956
	0.505051 0.039042
	0.515152 0.037903
	0.525253 0.036548
	0.535354 0.034947
	0.545455 0.033143
	0.555556 0.031106
	0.565657 0.028826
	0.575758 0.026259
	0.585859 0.023427
	0.595960 0.020232
	0.606061 0.016798
	0.616162 0.013125
	0.626263 0.009178
	0.636364 0.004943
	0.646465 0.000394
	0.656566 -0.004255
	0.666667 -0.009001
	0.676768 -0.013853
	0.686869 -0.018699
	0.696970 -0.023622
	0.707071 -0.028622
	0.717172 -0.033672
	0.727273 -0.038808
	0.737374 -0.043967
	0.747475 -0.049249
	0.757576 -0.054597
	0.767677 -0.060080
	0.777778 -0.065580
	0.787879 -0.071075
	0.797980 -0.076646
	0.808081 -0.082089
	0.818182 -0.087397
	0.828283 -0.092531
	0.838384 -0.097502
	0.848485 -0.102317
	0.858586 -0.106820
	0.868687 -0.111053
	0.878788 -0.115024
	0.888889 -0.118557
	0.898990 -0.121838
	0.909091 -0.124764
	0.919192 -0.127323
	0.929293 -0.129670
	0.939394 -0.131747
	0.949495 -0.133662
	0.959596 -0.135473
	0.969697 -0.137194
	0.979798 -0.138908
	0.989899 -0.140564
	1.000000 -0.142222
/baseTrajectory
/component
component
rotationAxis 0.0000000000000000 0.0000000000000000 1.0000000000000000
baseTrajectory
	0.000000 0.048116
	0.010101 0.058274
	0.020202 0.053909
	0.030303 0.049435
	0.040404 0.044914
	0.050505 0.040323
	0.060606 0.035639
	0.070707 0.030809
	0.080808 0.025823
	0.090909 0.020659
	0.101010 0.015295
	0.111111 0.009759
	0.121212 0.003988
	0.131313 -0.002053
	0.141414 -0.008314
	0.151515 -0.014878
	0.161616 -0.021703
	0.171717 -0.028754
	0.181818 -0.036055
	0.191919 -0.043529
	0.202020 -0.051149
	0.212121 -0.058856
	0.222222 -0.066584
	0.232323 -0.074281
	0.242424 -0.081850
	0.252525 -0.089231
	0.262626 -0.096319
	0.272727 -0.103024
	0.282828 -0.109333
	0.292929 -0.115185
	0.303030 -0.120542
	0.313131 -0.125376
	0.323232 -0.129696
	0.333333 -0.133469
	0.343434 -0.136693
	0.353535 -0.139423
	0.363636 -0.141732
	0.373737 -0.143598
	0.383838 -0.145051
	0.393939 -0.146110
	0.404040 -0.146813
	0.414141 -0.147146
	0.424242 -0.147185
	0.434343 -0.146985
	0.444444 -0.146584
	0.454545 -0.145924
	0.464646 -0.145090
	0.474747 -0.144107
	0.484848 -0.143041
	0.494949 -0.141910
	0.505051 -0.140765
	0.515152 -0.139598
	0.525253 -0.138445
	0.535354 -0.137306
	0.545455 -0.136274
	0.555556 -0.135324
	0.565657 -0.134474
	0.575758 -0.133707
	0.585859 -0.133075
	0.595960 -0.132569
	0.606061 -0.132246
	0.616162 -0.132090
	0.626263 -0.132117
	0.636364 -0.132302
	0.646465 -0.132674
	0.656566 -0.133284
	0.666667 -0.134138
	0.676768 -0.135198
	0.686869 -0.136501
	0.696970 -0.138007
	0.707071 -0.139709
	0.717172 -0.141608
	0.727273 -0.143683
	0.737374 -0.145918
	0.747475 -0.148270
	0.757576 -0.150721
	0.767677 -0.153248
	0.777778 -0.155836
	0.787879 -0.158463
	0.797980 -0.161071
	0.808081 -0.163657
	0.818182 -0.166171
	0.828283 -0.168578
	0.838384 -0.170835
	0.848485 -0.172891
	0.858586 -0.174730
	0.868687 -0.176301
	0.878788 -0.177558
	0.888889 -0.178529
	0.898990 -0.179119
	0.909091 -0.179359
	0.919192 -0.179238
	0.929293 -0.178661
	0.939394 -0.177678
	0.949495 -0.176238
	0.959596 -0.174342
	0.969697 -0.171982
	0.979798 -0.169145
	0.989899 -0.165903
	1.000000 -0.162243
/baseTrajectory
/component
/trajectory

