trajectory pelvis
component
translationAxis -1.000000 0.000000 0.000000
baseTrajectory
	0.000000 0.281760
	0.005000 0.281425
	0.010000 0.281081
	0.015000 0.280724
	0.020000 0.280349
	0.025000 0.279963
	0.030000 0.279560
	0.035000 0.279143
	0.040000 0.278711
	0.045000 0.278266
	0.050000 0.277808
	0.055000 0.277337
	0.060000 0.276855
	0.065000 0.276367
	0.070000 0.275871
	0.075000 0.275370
	0.080000 0.274867
	0.085000 0.274362
	0.090000 0.273860
	0.095000 0.273364
	0.100000 0.272875
	0.105000 0.272396
	0.110000 0.271929
	0.115000 0.271474
	0.120000 0.271034
	0.125000 0.270608
	0.130000 0.270199
	0.135000 0.269804
	0.140000 0.269423
	0.145000 0.269053
	0.150000 0.268694
	0.155000 0.268342
	0.160000 0.267998
	0.165000 0.267660
	0.170000 0.267326
	0.175000 0.266992
	0.180000 0.266659
	0.185000 0.266327
	0.190000 0.265998
	0.195000 0.265671
	0.200000 0.265349
	0.205000 0.265028
	0.210000 0.264710
	0.215000 0.264394
	0.220000 0.264088
	0.225000 0.263787
	0.230000 0.263491
	0.235000 0.263197
	0.240000 0.262909
	0.245000 0.262625
	0.250000 0.262348
	0.255000 0.262076
	0.260000 0.261807
	0.265000 0.261539
	0.270000 0.261274
	0.275000 0.261011
	0.280000 0.260750
	0.285000 0.260486
	0.290000 0.260219
	0.295000 0.259949
	0.300000 0.259677
	0.305000 0.259399
	0.310000 0.259116
	0.315000 0.258823
	0.320000 0.258523
	0.325000 0.258217
	0.330000 0.257907
	0.335000 0.257591
	0.340000 0.257271
	0.345000 0.256949
	0.350000 0.256628
	0.355000 0.256307
	0.360000 0.255994
	0.365000 0.255688
	0.370000 0.255394
	0.375000 0.255109
	0.380000 0.254843
	0.385000 0.254600
	0.390000 0.254375
	0.395000 0.254179
	0.400000 0.254014
	0.405000 0.253882
	0.410000 0.253783
	0.415000 0.253720
	0.420000 0.253695
	0.425000 0.253706
	0.430000 0.253745
	0.435000 0.253819
	0.440000 0.253914
	0.445000 0.254029
	0.450000 0.254161
	0.455000 0.254308
	0.460000 0.254466
	0.465000 0.254632
	0.470000 0.254803
	0.475000 0.254983
	0.480000 0.255167
	0.485000 0.255367
	0.490000 0.255582
	0.495000 0.255814
	0.500000 0.256061
	0.505000 0.256324
	0.510000 0.256601
	0.515000 0.256899
	0.520000 0.257213
	0.525000 0.257546
	0.530000 0.257890
	0.535000 0.258244
	0.540000 0.258609
	0.545000 0.258983
	0.550000 0.259366
	0.555000 0.259759
	0.560000 0.260157
	0.565000 0.260562
	0.570000 0.260972
	0.575000 0.261385
	0.580000 0.261804
	0.585000 0.262225
	0.590000 0.262651
	0.595000 0.263080
	0.600000 0.263510
	0.605000 0.263943
	0.610000 0.264378
	0.615000 0.264815
	0.620000 0.265253
	0.625000 0.265693
	0.630000 0.266135
	0.635000 0.266577
	0.640000 0.267021
	0.645000 0.267468
	0.650000 0.267919
	0.655000 0.268376
	0.660000 0.268835
	0.665000 0.269299
	0.670000 0.269768
	0.675000 0.270241
	0.680000 0.270717
	0.685000 0.271199
	0.690000 0.271680
	0.695000 0.272160
	0.700000 0.272637
	0.705000 0.273110
	0.710000 0.273578
	0.715000 0.274038
	0.720000 0.274490
	0.725000 0.274931
	0.730000 0.275356
	0.735000 0.275769
	0.740000 0.276170
	0.745000 0.276559
	0.750000 0.276936
	0.755000 0.277302
	0.760000 0.277655
	0.765000 0.277997
	0.770000 0.278332
	0.775000 0.278662
	0.780000 0.278988
	0.785000 0.279306
	0.790000 0.279622
	0.795000 0.279933
	0.800000 0.280243
	0.805000 0.280550
	0.810000 0.280856
	0.815000 0.281159
	0.820000 0.281459
	0.825000 0.281755
	0.830000 0.282048
	0.835000 0.282335
	0.840000 0.282615
	0.845000 0.282885
	0.850000 0.283149
	0.855000 0.283400
	0.860000 0.283637
	0.865000 0.283858
	0.870000 0.284060
	0.875000 0.284242
	0.880000 0.284400
	0.885000 0.284534
	0.890000 0.284638
	0.895000 0.284707
	0.900000 0.284743
	0.905000 0.284744
	0.910000 0.284709
	0.915000 0.284636
	0.920000 0.284529
	0.925000 0.284387
	0.930000 0.284216
	0.935000 0.284019
	0.940000 0.283803
	0.945000 0.283574
	0.950000 0.283333
	0.955000 0.283084
	0.960000 0.282831
	0.965000 0.282576
	0.970000 0.282322
	0.975000 0.282067
/baseTrajectory
/component
component
translationAxis 0.000000 1.000000 0.000000
baseTrajectory
	0.000000 0.995937
	0.005000 0.995050
	0.010000 0.994211
	0.015000 0.993422
	0.020000 0.992683
	0.025000 0.992004
	0.030000 0.991387
	0.035000 0.990838
	0.040000 0.990360
	0.045000 0.989952
	0.050000 0.989612
	0.055000 0.989351
	0.060000 0.989163
	0.065000 0.989048
	0.070000 0.989011
	0.075000 0.989051
	0.080000 0.989164
	0.085000 0.989354
	0.090000 0.989620
	0.095000 0.989969
	0.100000 0.990388
	0.105000 0.990886
	0.110000 0.991462
	0.115000 0.992113
	0.120000 0.992835
	0.125000 0.993630
	0.130000 0.994498
	0.135000 0.995435
	0.140000 0.996435
	0.145000 0.997499
	0.150000 0.998622
	0.155000 0.999798
	0.160000 1.001024
	0.165000 1.002299
	0.170000 1.003614
	0.175000 1.004957
	0.180000 1.006325
	0.185000 1.007711
	0.190000 1.009108
	0.195000 1.010508
	0.200000 1.011905
	0.205000 1.013293
	0.210000 1.014660
	0.215000 1.015999
	0.220000 1.017309
	0.225000 1.018579
	0.230000 1.019810
	0.235000 1.020992
	0.240000 1.022119
	0.245000 1.023186
	0.250000 1.024190
	0.255000 1.025125
	0.260000 1.025991
	0.265000 1.026778
	0.270000 1.027487
	0.275000 1.028113
	0.280000 1.028659
	0.285000 1.029121
	0.290000 1.029503
	0.295000 1.029792
	0.300000 1.029990
	0.305000 1.030100
	0.310000 1.030127
	0.315000 1.030070
	0.320000 1.029917
	0.325000 1.029669
	0.330000 1.029329
	0.335000 1.028892
	0.340000 1.028368
	0.345000 1.027759
	0.350000 1.027063
	0.355000 1.026283
	0.360000 1.025416
	0.365000 1.024477
	0.370000 1.023466
	0.375000 1.022390
	0.380000 1.021249
	0.385000 1.020046
	0.390000 1.018794
	0.395000 1.017488
	0.400000 1.016135
	0.405000 1.014743
	0.410000 1.013317
	0.415000 1.011863
	0.420000 1.010382
	0.425000 1.008884
	0.430000 1.007381
	0.435000 1.005866
	0.440000 1.004360
	0.445000 1.002862
	0.450000 1.001382
	0.455000 0.999928
	0.460000 0.998505
	0.465000 0.997121
	0.470000 0.995785
	0.475000 0.994496
	0.480000 0.993267
	0.485000 0.992092
	0.490000 0.990979
	0.495000 0.989932
	0.500000 0.988948
	0.505000 0.988034
	0.510000 0.987193
	0.515000 0.986422
	0.520000 0.985729
	0.525000 0.985115
	0.530000 0.984584
	0.535000 0.984138
	0.540000 0.983774
	0.545000 0.983498
	0.550000 0.983306
	0.555000 0.983197
	0.560000 0.983177
	0.565000 0.983235
	0.570000 0.983369
	0.575000 0.983574
	0.580000 0.983848
	0.585000 0.984193
	0.590000 0.984601
	0.595000 0.985070
	0.600000 0.985600
	0.605000 0.986186
	0.610000 0.986836
	0.615000 0.987546
	0.620000 0.988321
	0.625000 0.989161
	0.630000 0.990065
	0.635000 0.991038
	0.640000 0.992081
	0.645000 0.993184
	0.650000 0.994347
	0.655000 0.995555
	0.660000 0.996819
	0.665000 0.998129
	0.670000 0.999479
	0.675000 1.000863
	0.680000 1.002268
	0.685000 1.003689
	0.690000 1.005129
	0.695000 1.006578
	0.700000 1.008035
	0.705000 1.009482
	0.710000 1.010912
	0.715000 1.012318
	0.720000 1.013694
	0.725000 1.015040
	0.730000 1.016345
	0.735000 1.017599
	0.740000 1.018800
	0.745000 1.019940
	0.750000 1.021017
	0.755000 1.022025
	0.760000 1.022969
	0.765000 1.023841
	0.770000 1.024634
	0.775000 1.025345
	0.780000 1.025981
	0.785000 1.026530
	0.790000 1.026996
	0.795000 1.027382
	0.800000 1.027688
	0.805000 1.027892
	0.810000 1.028003
	0.815000 1.028024
	0.820000 1.027957
	0.825000 1.027795
	0.830000 1.027545
	0.835000 1.027207
	0.840000 1.026772
	0.845000 1.026249
	0.850000 1.025660
	0.855000 1.024994
	0.860000 1.024248
	0.865000 1.023429
	0.870000 1.022540
	0.875000 1.021586
	0.880000 1.020568
	0.885000 1.019498
	0.890000 1.018374
	0.895000 1.017196
	0.900000 1.015976
	0.905000 1.014728
	0.910000 1.013451
	0.915000 1.012154
	0.920000 1.010842
	0.925000 1.009520
	0.930000 1.008193
	0.935000 1.006866
	0.940000 1.005548
	0.945000 1.004247
	0.950000 1.002962
	0.955000 1.001704
	0.960000 1.000473
	0.965000 0.999275
	0.970000 0.998117
	0.975000 0.997002
/baseTrajectory
/component
component
translationAxis 0.000000 0.000000 1.000000
baseTrajectory
	0.000000 -0.799210
	0.005000 -0.789981
	0.010000 -0.780672
	0.015000 -0.771445
	0.020000 -0.762277
	0.025000 -0.752999
	0.030000 -0.743851
	0.035000 -0.734668
	0.040000 -0.725461
	0.045000 -0.716261
	0.050000 -0.707260
	0.055000 -0.698181
	0.060000 -0.689013
	0.065000 -0.680325
	0.070000 -0.671246
	0.075000 -0.662296
	0.080000 -0.653727
	0.085000 -0.644824
	0.090000 -0.636249
	0.095000 -0.627438
	0.100000 -0.618971
	0.105000 -0.610416
	0.110000 -0.601953
	0.115000 -0.593350
	0.120000 -0.584943
	0.125000 -0.576656
	0.130000 -0.568294
	0.135000 -0.560014
	0.140000 -0.551850
	0.145000 -0.543673
	0.150000 -0.535566
	0.155000 -0.527491
	0.160000 -0.519505
	0.165000 -0.511487
	0.170000 -0.503566
	0.175000 -0.495590
	0.180000 -0.487703
	0.185000 -0.479938
	0.190000 -0.472105
	0.195000 -0.464463
	0.200000 -0.456636
	0.205000 -0.448899
	0.210000 -0.441194
	0.215000 -0.433480
	0.220000 -0.425810
	0.225000 -0.418210
	0.230000 -0.410546
	0.235000 -0.402977
	0.240000 -0.395433
	0.245000 -0.387612
	0.250000 -0.380007
	0.255000 -0.372491
	0.260000 -0.364750
	0.265000 -0.357199
	0.270000 -0.349298
	0.275000 -0.341808
	0.280000 -0.334193
	0.285000 -0.326502
	0.290000 -0.318680
	0.295000 -0.311213
	0.300000 -0.303465
	0.305000 -0.296012
	0.310000 -0.288227
	0.315000 -0.280257
	0.320000 -0.272635
	0.325000 -0.265184
	0.330000 -0.257269
	0.335000 -0.249810
	0.340000 -0.242283
	0.345000 -0.234376
	0.350000 -0.226853
	0.355000 -0.219159
	0.360000 -0.211525
	0.365000 -0.203803
	0.370000 -0.196207
	0.375000 -0.188358
	0.380000 -0.180785
	0.385000 -0.173020
	0.390000 -0.165046
	0.395000 -0.157228
	0.400000 -0.149259
	0.405000 -0.141420
	0.410000 -0.133319
	0.415000 -0.125248
	0.420000 -0.117136
	0.425000 -0.109047
	0.430000 -0.100738
	0.435000 -0.092634
	0.440000 -0.084200
	0.445000 -0.075876
	0.450000 -0.067542
	0.455000 -0.059058
	0.460000 -0.050642
	0.465000 -0.042285
	0.470000 -0.033774
	0.475000 -0.025152
	0.480000 -0.016473
	0.485000 -0.007774
	0.490000 0.000949
	0.495000 0.009643
	0.500000 0.018484
	0.505000 0.027135
	0.510000 0.036044
	0.515000 0.044766
	0.520000 0.053722
	0.525000 0.062407
	0.530000 0.071265
	0.535000 0.080192
	0.540000 0.088992
	0.545000 0.097863
	0.550000 0.106838
	0.555000 0.115574
	0.560000 0.124420
	0.565000 0.133162
	0.570000 0.142084
	0.575000 0.150753
	0.580000 0.159338
	0.585000 0.167997
	0.590000 0.176585
	0.595000 0.185110
	0.600000 0.193516
	0.605000 0.201877
	0.610000 0.210167
	0.615000 0.218274
	0.620000 0.226453
	0.625000 0.234491
	0.630000 0.242515
	0.635000 0.250464
	0.640000 0.258447
	0.645000 0.266310
	0.650000 0.274210
	0.655000 0.281949
	0.660000 0.289726
	0.665000 0.297495
	0.670000 0.305180
	0.675000 0.312867
	0.680000 0.320590
	0.685000 0.328137
	0.690000 0.335784
	0.695000 0.343393
	0.700000 0.351003
	0.705000 0.358531
	0.710000 0.366140
	0.715000 0.373679
	0.720000 0.381211
	0.725000 0.388699
	0.730000 0.396200
	0.735000 0.403685
	0.740000 0.411198
	0.745000 0.418687
	0.750000 0.426126
	0.755000 0.433619
	0.760000 0.441127
	0.765000 0.448792
	0.770000 0.456211
	0.775000 0.463675
	0.780000 0.471276
	0.785000 0.478767
	0.790000 0.486301
	0.795000 0.493671
	0.800000 0.501691
	0.805000 0.509005
	0.810000 0.516890
	0.815000 0.524278
	0.820000 0.532133
	0.825000 0.539581
	0.830000 0.547320
	0.835000 0.555079
	0.840000 0.562623
	0.845000 0.570154
	0.850000 0.577856
	0.855000 0.585802
	0.860000 0.593350
	0.865000 0.601257
	0.870000 0.608840
	0.875000 0.616848
	0.880000 0.624500
	0.885000 0.632584
	0.890000 0.640509
	0.895000 0.648254
	0.900000 0.656350
	0.905000 0.664398
	0.910000 0.672621
	0.915000 0.680558
	0.920000 0.688920
	0.925000 0.697006
	0.930000 0.705428
	0.935000 0.713719
	0.940000 0.721921
	0.945000 0.730507
	0.950000 0.738797
	0.955000 0.747413
	0.960000 0.755793
	0.965000 0.764302
	0.970000 0.772768
	0.975000 0.781576
/baseTrajectory
/component
/trajectory

trajectory pelvis
component
rotationAxis -1.000000 0.000000 0.000000
baseTrajectory
	0.000000 -0.015005
	0.005000 -0.015955
	0.010000 -0.017163
	0.015000 -0.018605
	0.020000 -0.020346
	0.025000 -0.022305
	0.030000 -0.024483
	0.035000 -0.026796
	0.040000 -0.029264
	0.045000 -0.031913
	0.050000 -0.034785
	0.055000 -0.037693
	0.060000 -0.040741
	0.065000 -0.043877
	0.070000 -0.046988
	0.075000 -0.050056
	0.080000 -0.053107
	0.085000 -0.056032
	0.090000 -0.058798
	0.095000 -0.061297
	0.100000 -0.063668
	0.105000 -0.065765
	0.110000 -0.067580
	0.115000 -0.069167
	0.120000 -0.070570
	0.125000 -0.071753
	0.130000 -0.072736
	0.135000 -0.073552
	0.140000 -0.074260
	0.145000 -0.074814
	0.150000 -0.075287
	0.155000 -0.075695
	0.160000 -0.076048
	0.165000 -0.076303
	0.170000 -0.076510
	0.175000 -0.076710
	0.180000 -0.076887
	0.185000 -0.077041
	0.190000 -0.077189
	0.195000 -0.077315
	0.200000 -0.077408
	0.205000 -0.077436
	0.210000 -0.077425
	0.215000 -0.077365
	0.220000 -0.077235
	0.225000 -0.077039
	0.230000 -0.076686
	0.235000 -0.076190
	0.240000 -0.075579
	0.245000 -0.074844
	0.250000 -0.073986
	0.255000 -0.073001
	0.260000 -0.071863
	0.265000 -0.070626
	0.270000 -0.069269
	0.275000 -0.067824
	0.280000 -0.066271
	0.285000 -0.064597
	0.290000 -0.062757
	0.295000 -0.060900
	0.300000 -0.059028
	0.305000 -0.057099
	0.310000 -0.055090
	0.315000 -0.052986
	0.320000 -0.050996
	0.325000 -0.049102
	0.330000 -0.047300
	0.335000 -0.045684
	0.340000 -0.044149
	0.345000 -0.042687
	0.350000 -0.041373
	0.355000 -0.040177
	0.360000 -0.039154
	0.365000 -0.038158
	0.370000 -0.037216
	0.375000 -0.036282
	0.380000 -0.035380
	0.385000 -0.034506
	0.390000 -0.033584
	0.395000 -0.032702
	0.400000 -0.031827
	0.405000 -0.030958
	0.410000 -0.030085
	0.415000 -0.029217
	0.420000 -0.028418
	0.425000 -0.027653
	0.430000 -0.026907
	0.435000 -0.026305
	0.440000 -0.025720
	0.445000 -0.025237
	0.450000 -0.024830
	0.455000 -0.024483
	0.460000 -0.024211
	0.465000 -0.024005
	0.470000 -0.023826
	0.475000 -0.023720
	0.480000 -0.023610
	0.485000 -0.023572
	0.490000 -0.023581
	0.495000 -0.023628
	0.500000 -0.023777
	0.505000 -0.023984
	0.510000 -0.024215
	0.515000 -0.024570
	0.520000 -0.024953
	0.525000 -0.025396
	0.530000 -0.025872
	0.535000 -0.026348
	0.540000 -0.026922
	0.545000 -0.027497
	0.550000 -0.028132
	0.555000 -0.028856
	0.560000 -0.029565
	0.565000 -0.030370
	0.570000 -0.031322
	0.575000 -0.032410
	0.580000 -0.033686
	0.585000 -0.035045
	0.590000 -0.036591
	0.595000 -0.038323
	0.600000 -0.040214
	0.605000 -0.042307
	0.610000 -0.044512
	0.615000 -0.046823
	0.620000 -0.049184
	0.625000 -0.051569
	0.630000 -0.053975
	0.635000 -0.056325
	0.640000 -0.058579
	0.645000 -0.060805
	0.650000 -0.062962
	0.655000 -0.065140
	0.660000 -0.067214
	0.665000 -0.069234
	0.670000 -0.071194
	0.675000 -0.073103
	0.680000 -0.075003
	0.685000 -0.076885
	0.690000 -0.078655
	0.695000 -0.080343
	0.700000 -0.081890
	0.705000 -0.083370
	0.710000 -0.084778
	0.715000 -0.086105
	0.720000 -0.087347
	0.725000 -0.088423
	0.730000 -0.089355
	0.735000 -0.090181
	0.740000 -0.090855
	0.745000 -0.091382
	0.750000 -0.091750
	0.755000 -0.091957
	0.760000 -0.091885
	0.765000 -0.091573
	0.770000 -0.091070
	0.775000 -0.090365
	0.780000 -0.089364
	0.785000 -0.088165
	0.790000 -0.086714
	0.795000 -0.084965
	0.800000 -0.082913
	0.805000 -0.080840
	0.810000 -0.078654
	0.815000 -0.076324
	0.820000 -0.073847
	0.825000 -0.071333
	0.830000 -0.068719
	0.835000 -0.066032
	0.840000 -0.063417
	0.845000 -0.060789
	0.850000 -0.057950
	0.855000 -0.055032
	0.860000 -0.052151
	0.865000 -0.049278
	0.870000 -0.046414
	0.875000 -0.043571
	0.880000 -0.040814
	0.885000 -0.038057
	0.890000 -0.035417
	0.895000 -0.032970
	0.900000 -0.030654
	0.905000 -0.028401
	0.910000 -0.026281
	0.915000 -0.024323
	0.920000 -0.022516
	0.925000 -0.020904
	0.930000 -0.019478
	0.935000 -0.018287
	0.940000 -0.017291
	0.945000 -0.016465
	0.950000 -0.015848
	0.955000 -0.015388
	0.960000 -0.015091
	0.965000 -0.014952
	0.970000 -0.014921
	0.975000 -0.014990
/baseTrajectory
/component
component
rotationAxis 0.000000 1.000000 0.000000
baseTrajectory
	0.000000 -0.104213
	0.005000 -0.105539
	0.010000 -0.106686
	0.015000 -0.107633
	0.020000 -0.108352
	0.025000 -0.108917
	0.030000 -0.109319
	0.035000 -0.109574
	0.040000 -0.109700
	0.045000 -0.109703
	0.050000 -0.109616
	0.055000 -0.109453
	0.060000 -0.109232
	0.065000 -0.108983
	0.070000 -0.108716
	0.075000 -0.108454
	0.080000 -0.108206
	0.085000 -0.107977
	0.090000 -0.107780
	0.095000 -0.107619
	0.100000 -0.107494
	0.105000 -0.107403
	0.110000 -0.107341
	0.115000 -0.107301
	0.120000 -0.107279
	0.125000 -0.107275
	0.130000 -0.107288
	0.135000 -0.107316
	0.140000 -0.107359
	0.145000 -0.107417
	0.150000 -0.107497
	0.155000 -0.107604
	0.160000 -0.107739
	0.165000 -0.107897
	0.170000 -0.108082
	0.175000 -0.108279
	0.180000 -0.108484
	0.185000 -0.108691
	0.190000 -0.108888
	0.195000 -0.109047
	0.200000 -0.109146
	0.205000 -0.109161
	0.210000 -0.109082
	0.215000 -0.108883
	0.220000 -0.108554
	0.225000 -0.108063
	0.230000 -0.107387
	0.235000 -0.106510
	0.240000 -0.105444
	0.245000 -0.104188
	0.250000 -0.102721
	0.255000 -0.101024
	0.260000 -0.099095
	0.265000 -0.096949
	0.270000 -0.094608
	0.275000 -0.092067
	0.280000 -0.089326
	0.285000 -0.086375
	0.290000 -0.083217
	0.295000 -0.079909
	0.300000 -0.076482
	0.305000 -0.072905
	0.310000 -0.069197
	0.315000 -0.065319
	0.320000 -0.061320
	0.325000 -0.057211
	0.330000 -0.053030
	0.335000 -0.048768
	0.340000 -0.044404
	0.345000 -0.039959
	0.350000 -0.035469
	0.355000 -0.030888
	0.360000 -0.026312
	0.365000 -0.021709
	0.370000 -0.017095
	0.375000 -0.012430
	0.380000 -0.007771
	0.385000 -0.003160
	0.390000 0.001494
	0.395000 0.006092
	0.400000 0.010594
	0.405000 0.015050
	0.410000 0.019401
	0.415000 0.023645
	0.420000 0.027723
	0.425000 0.031642
	0.430000 0.035459
	0.435000 0.039049
	0.440000 0.042539
	0.445000 0.045893
	0.450000 0.049086
	0.455000 0.052166
	0.460000 0.055111
	0.465000 0.057963
	0.470000 0.060747
	0.475000 0.063422
	0.480000 0.066031
	0.485000 0.068464
	0.490000 0.070753
	0.495000 0.072911
	0.500000 0.074905
	0.505000 0.076758
	0.510000 0.078455
	0.515000 0.079970
	0.520000 0.081322
	0.525000 0.082518
	0.530000 0.083604
	0.535000 0.084595
	0.540000 0.085483
	0.545000 0.086298
	0.550000 0.087039
	0.555000 0.087706
	0.560000 0.088341
	0.565000 0.088931
	0.570000 0.089472
	0.575000 0.089994
	0.580000 0.090485
	0.585000 0.090964
	0.590000 0.091417
	0.595000 0.091845
	0.600000 0.092250
	0.605000 0.092610
	0.610000 0.092911
	0.615000 0.093166
	0.620000 0.093353
	0.625000 0.093463
	0.630000 0.093481
	0.635000 0.093403
	0.640000 0.093225
	0.645000 0.092939
	0.650000 0.092538
	0.655000 0.092053
	0.660000 0.091455
	0.665000 0.090742
	0.670000 0.089920
	0.675000 0.088989
	0.680000 0.087954
	0.685000 0.086807
	0.690000 0.085558
	0.695000 0.084214
	0.700000 0.082752
	0.705000 0.081185
	0.710000 0.079515
	0.715000 0.077731
	0.720000 0.075834
	0.725000 0.073813
	0.730000 0.071684
	0.735000 0.069429
	0.740000 0.067021
	0.745000 0.064471
	0.750000 0.061777
	0.755000 0.058931
	0.760000 0.055942
	0.765000 0.052815
	0.770000 0.049548
	0.775000 0.046130
	0.780000 0.042564
	0.785000 0.038896
	0.790000 0.035095
	0.795000 0.031178
	0.800000 0.027152
	0.805000 0.023043
	0.810000 0.018826
	0.815000 0.014526
	0.820000 0.010150
	0.825000 0.005715
	0.830000 0.001216
	0.835000 -0.003306
	0.840000 -0.007849
	0.845000 -0.012415
	0.850000 -0.017028
	0.855000 -0.021624
	0.860000 -0.026218
	0.865000 -0.030797
	0.870000 -0.035336
	0.875000 -0.039839
	0.880000 -0.044299
	0.885000 -0.048707
	0.890000 -0.053034
	0.895000 -0.057253
	0.900000 -0.061360
	0.905000 -0.065334
	0.910000 -0.069146
	0.915000 -0.072816
	0.920000 -0.076312
	0.925000 -0.079606
	0.930000 -0.082689
	0.935000 -0.085547
	0.940000 -0.088233
	0.945000 -0.090773
	0.950000 -0.093131
	0.955000 -0.095347
	0.960000 -0.097373
	0.965000 -0.099240
	0.970000 -0.100988
	0.975000 -0.102613
/baseTrajectory
/component
component
rotationAxis 0.000000 0.000000 1.000000
baseTrajectory
	0.000000 -0.074997
	0.005000 -0.071298
	0.010000 -0.067480
	0.015000 -0.063599
	0.020000 -0.059624
	0.025000 -0.055543
	0.030000 -0.051307
	0.035000 -0.046918
	0.040000 -0.042353
	0.045000 -0.037588
	0.050000 -0.032639
	0.055000 -0.027470
	0.060000 -0.022040
	0.065000 -0.016401
	0.070000 -0.010485
	0.075000 -0.004332
	0.080000 0.002029
	0.085000 0.008611
	0.090000 0.015336
	0.095000 0.022169
	0.100000 0.029069
	0.105000 0.035962
	0.110000 0.042798
	0.115000 0.049494
	0.120000 0.056000
	0.125000 0.062214
	0.130000 0.068057
	0.135000 0.073525
	0.140000 0.078570
	0.145000 0.083156
	0.150000 0.087272
	0.155000 0.090933
	0.160000 0.094110
	0.165000 0.096800
	0.170000 0.099066
	0.175000 0.100979
	0.180000 0.102518
	0.185000 0.103710
	0.190000 0.104566
	0.195000 0.105118
	0.200000 0.105343
	0.205000 0.105312
	0.210000 0.105073
	0.215000 0.104650
	0.220000 0.103984
	0.225000 0.103147
	0.230000 0.102157
	0.235000 0.101078
	0.240000 0.099924
	0.245000 0.098745
	0.250000 0.097530
	0.255000 0.096306
	0.260000 0.095080
	0.265000 0.093941
	0.270000 0.092872
	0.275000 0.091897
	0.280000 0.091005
	0.285000 0.090241
	0.290000 0.089607
	0.295000 0.089168
	0.300000 0.088919
	0.305000 0.088869
	0.310000 0.089002
	0.315000 0.089339
	0.320000 0.089927
	0.325000 0.090771
	0.330000 0.091846
	0.335000 0.093177
	0.340000 0.094720
	0.345000 0.096469
	0.350000 0.098432
	0.355000 0.100583
	0.360000 0.102922
	0.365000 0.105394
	0.370000 0.107985
	0.375000 0.110668
	0.380000 0.113419
	0.385000 0.116220
	0.390000 0.119014
	0.395000 0.121781
	0.400000 0.124484
	0.405000 0.127070
	0.410000 0.129514
	0.415000 0.131767
	0.420000 0.133808
	0.425000 0.135590
	0.430000 0.137074
	0.435000 0.138283
	0.440000 0.139140
	0.445000 0.139667
	0.450000 0.139863
	0.455000 0.139654
	0.460000 0.139081
	0.465000 0.138107
	0.470000 0.136742
	0.475000 0.134977
	0.480000 0.132806
	0.485000 0.130295
	0.490000 0.127429
	0.495000 0.124217
	0.500000 0.120780
	0.505000 0.117112
	0.510000 0.113268
	0.515000 0.109250
	0.520000 0.105131
	0.525000 0.100918
	0.530000 0.096586
	0.535000 0.092170
	0.540000 0.087672
	0.545000 0.083064
	0.550000 0.078331
	0.555000 0.073473
	0.560000 0.068497
	0.565000 0.063363
	0.570000 0.058065
	0.575000 0.052640
	0.580000 0.047069
	0.585000 0.041360
	0.590000 0.035504
	0.595000 0.029540
	0.600000 0.023513
	0.605000 0.017449
	0.610000 0.011460
	0.615000 0.005522
	0.620000 -0.000300
	0.625000 -0.005960
	0.630000 -0.011399
	0.635000 -0.016530
	0.640000 -0.021337
	0.645000 -0.025869
	0.650000 -0.030056
	0.655000 -0.034023
	0.660000 -0.037581
	0.665000 -0.040773
	0.670000 -0.043596
	0.675000 -0.046055
	0.680000 -0.048215
	0.685000 -0.050049
	0.690000 -0.051475
	0.695000 -0.052549
	0.700000 -0.053206
	0.705000 -0.053576
	0.710000 -0.053667
	0.715000 -0.053493
	0.720000 -0.053074
	0.725000 -0.052390
	0.730000 -0.051495
	0.735000 -0.050461
	0.740000 -0.049306
	0.745000 -0.048074
	0.750000 -0.046785
	0.755000 -0.045484
	0.760000 -0.044181
	0.765000 -0.042930
	0.770000 -0.041790
	0.775000 -0.040795
	0.780000 -0.039946
	0.785000 -0.039280
	0.790000 -0.038805
	0.795000 -0.038524
	0.800000 -0.038428
	0.805000 -0.038593
	0.810000 -0.038988
	0.815000 -0.039603
	0.820000 -0.040423
	0.825000 -0.041469
	0.830000 -0.042718
	0.835000 -0.044161
	0.840000 -0.045819
	0.845000 -0.047668
	0.850000 -0.049651
	0.855000 -0.051779
	0.860000 -0.054046
	0.865000 -0.056425
	0.870000 -0.058905
	0.875000 -0.061455
	0.880000 -0.064066
	0.885000 -0.066676
	0.890000 -0.069263
	0.895000 -0.071790
	0.900000 -0.074216
	0.905000 -0.076483
	0.910000 -0.078575
	0.915000 -0.080414
	0.920000 -0.081990
	0.925000 -0.083292
	0.930000 -0.084306
	0.935000 -0.085064
	0.940000 -0.085474
	0.945000 -0.085525
	0.950000 -0.085206
	0.955000 -0.084493
	0.960000 -0.083429
	0.965000 -0.081991
	0.970000 -0.080117
	0.975000 -0.077831
/baseTrajectory
/component
/trajectory

trajectory hip_r
component
rotationAxis -1.000000 0.000000 0.000000
baseTrajectory
	0.000000 -0.273564
	0.005000 -0.275153
	0.010000 -0.275753
	0.015000 -0.275325
	0.020000 -0.273721
	0.025000 -0.270985
	0.030000 -0.267037
	0.035000 -0.261920
	0.040000 -0.255551
	0.045000 -0.247878
	0.050000 -0.238842
	0.055000 -0.228591
	0.060000 -0.217013
	0.065000 -0.204173
	0.070000 -0.190194
	0.075000 -0.175137
	0.080000 -0.159024
	0.085000 -0.142038
	0.090000 -0.124284
	0.095000 -0.105966
	0.100000 -0.087017
	0.105000 -0.067694
	0.110000 -0.048109
	0.115000 -0.028297
	0.120000 -0.008290
	0.125000 0.011776
	0.130000 0.031835
	0.135000 0.051858
	0.140000 0.071841
	0.145000 0.091666
	0.150000 0.111362
	0.155000 0.130915
	0.160000 0.150275
	0.165000 0.169336
	0.170000 0.188135
	0.175000 0.206702
	0.180000 0.224975
	0.185000 0.242926
	0.190000 0.260533
	0.195000 0.277759
	0.200000 0.294542
	0.205000 0.310838
	0.210000 0.326666
	0.215000 0.341994
	0.220000 0.356745
	0.225000 0.370922
	0.230000 0.384402
	0.235000 0.397205
	0.240000 0.409348
	0.245000 0.420812
	0.250000 0.431590
	0.255000 0.441675
	0.260000 0.451022
	0.265000 0.459735
	0.270000 0.467776
	0.275000 0.475187
	0.280000 0.481934
	0.285000 0.488026
	0.290000 0.493416
	0.295000 0.498302
	0.300000 0.502692
	0.305000 0.506550
	0.310000 0.509841
	0.315000 0.512558
	0.320000 0.514974
	0.325000 0.517082
	0.330000 0.518892
	0.335000 0.520536
	0.340000 0.521881
	0.345000 0.522950
	0.350000 0.523862
	0.355000 0.524595
	0.360000 0.525272
	0.365000 0.525735
	0.370000 0.526064
	0.375000 0.526231
	0.380000 0.526326
	0.385000 0.526402
	0.390000 0.526389
	0.395000 0.526425
	0.400000 0.526540
	0.405000 0.526742
	0.410000 0.527057
	0.415000 0.527504
	0.420000 0.528173
	0.425000 0.529002
	0.430000 0.529959
	0.435000 0.531186
	0.440000 0.532518
	0.445000 0.534005
	0.450000 0.535604
	0.455000 0.537224
	0.460000 0.538867
	0.465000 0.540474
	0.470000 0.542005
	0.475000 0.543492
	0.480000 0.544858
	0.485000 0.546187
	0.490000 0.547449
	0.495000 0.548638
	0.500000 0.549912
	0.505000 0.551220
	0.510000 0.552577
	0.515000 0.554046
	0.520000 0.555555
	0.525000 0.557101
	0.530000 0.558644
	0.535000 0.560139
	0.540000 0.561639
	0.545000 0.562974
	0.550000 0.564152
	0.555000 0.565141
	0.560000 0.565815
	0.565000 0.566220
	0.570000 0.566371
	0.575000 0.566210
	0.580000 0.565737
	0.585000 0.564827
	0.590000 0.563541
	0.595000 0.561866
	0.600000 0.559751
	0.605000 0.557217
	0.610000 0.554158
	0.615000 0.550576
	0.620000 0.546394
	0.625000 0.541603
	0.630000 0.536201
	0.635000 0.530125
	0.640000 0.523343
	0.645000 0.515966
	0.650000 0.507980
	0.655000 0.499517
	0.660000 0.490462
	0.665000 0.480907
	0.670000 0.470881
	0.675000 0.460435
	0.680000 0.449649
	0.685000 0.438562
	0.690000 0.427088
	0.695000 0.415287
	0.700000 0.403133
	0.705000 0.390753
	0.710000 0.378190
	0.715000 0.365455
	0.720000 0.352568
	0.725000 0.339482
	0.730000 0.326248
	0.735000 0.312939
	0.740000 0.299535
	0.745000 0.286060
	0.750000 0.272509
	0.755000 0.258901
	0.760000 0.245119
	0.765000 0.231253
	0.770000 0.217319
	0.775000 0.203340
	0.780000 0.189206
	0.785000 0.175042
	0.790000 0.160786
	0.795000 0.146397
	0.800000 0.131835
	0.805000 0.117460
	0.810000 0.103105
	0.815000 0.088792
	0.820000 0.074479
	0.825000 0.060313
	0.830000 0.046205
	0.835000 0.032193
	0.840000 0.018441
	0.845000 0.004859
	0.850000 -0.008836
	0.855000 -0.022437
	0.860000 -0.035851
	0.865000 -0.049114
	0.870000 -0.062240
	0.875000 -0.075218
	0.880000 -0.087976
	0.885000 -0.100626
	0.890000 -0.113017
	0.895000 -0.125035
	0.900000 -0.136781
	0.905000 -0.148304
	0.910000 -0.159515
	0.915000 -0.170360
	0.920000 -0.180858
	0.925000 -0.190952
	0.930000 -0.200644
	0.935000 -0.209892
	0.940000 -0.218725
	0.945000 -0.227152
	0.950000 -0.235108
	0.955000 -0.242630
	0.960000 -0.249708
	0.965000 -0.256312
	0.970000 -0.262458
	0.975000 -0.268117
/baseTrajectory
/component
component
rotationAxis 0.000000 1.000000 0.000000
baseTrajectory
	0.000000 -0.115922
	0.005000 -0.115606
	0.010000 -0.114922
	0.015000 -0.113858
	0.020000 -0.112483
	0.025000 -0.110609
	0.030000 -0.108320
	0.035000 -0.105624
	0.040000 -0.102517
	0.045000 -0.098961
	0.050000 -0.094869
	0.055000 -0.090472
	0.060000 -0.085718
	0.065000 -0.080561
	0.070000 -0.075208
	0.075000 -0.069643
	0.080000 -0.063847
	0.085000 -0.057946
	0.090000 -0.051944
	0.095000 -0.045931
	0.100000 -0.039849
	0.105000 -0.033802
	0.110000 -0.027824
	0.115000 -0.021914
	0.120000 -0.016114
	0.125000 -0.010484
	0.130000 -0.005026
	0.135000 0.000192
	0.140000 0.005152
	0.145000 0.009805
	0.150000 0.014143
	0.155000 0.018126
	0.160000 0.021760
	0.165000 0.025007
	0.170000 0.027867
	0.175000 0.030319
	0.180000 0.032382
	0.185000 0.034061
	0.190000 0.035357
	0.195000 0.036268
	0.200000 0.036786
	0.205000 0.036911
	0.210000 0.036671
	0.215000 0.036080
	0.220000 0.035167
	0.225000 0.033919
	0.230000 0.032330
	0.235000 0.030432
	0.240000 0.028277
	0.245000 0.025920
	0.250000 0.023348
	0.255000 0.020573
	0.260000 0.017612
	0.265000 0.014516
	0.270000 0.011329
	0.275000 0.008063
	0.280000 0.004715
	0.285000 0.001273
	0.290000 -0.002280
	0.295000 -0.005837
	0.300000 -0.009401
	0.305000 -0.013030
	0.310000 -0.016746
	0.315000 -0.020614
	0.320000 -0.024565
	0.325000 -0.028650
	0.330000 -0.032892
	0.335000 -0.037351
	0.340000 -0.042119
	0.345000 -0.047237
	0.350000 -0.052789
	0.355000 -0.058891
	0.360000 -0.065561
	0.365000 -0.072922
	0.370000 -0.081055
	0.375000 -0.090076
	0.380000 -0.099962
	0.385000 -0.110672
	0.390000 -0.122396
	0.395000 -0.134787
	0.400000 -0.147844
	0.405000 -0.161461
	0.410000 -0.175440
	0.415000 -0.189561
	0.420000 -0.203479
	0.425000 -0.216926
	0.430000 -0.229836
	0.435000 -0.241633
	0.440000 -0.252538
	0.445000 -0.262106
	0.450000 -0.270162
	0.455000 -0.276592
	0.460000 -0.281215
	0.465000 -0.284052
	0.470000 -0.285237
	0.475000 -0.284655
	0.480000 -0.282553
	0.485000 -0.278624
	0.490000 -0.273102
	0.495000 -0.266168
	0.500000 -0.258056
	0.505000 -0.249044
	0.510000 -0.239418
	0.515000 -0.229154
	0.520000 -0.218582
	0.525000 -0.207838
	0.530000 -0.197331
	0.535000 -0.187272
	0.540000 -0.177667
	0.545000 -0.168707
	0.550000 -0.160419
	0.555000 -0.152783
	0.560000 -0.146092
	0.565000 -0.140264
	0.570000 -0.135322
	0.575000 -0.131263
	0.580000 -0.128038
	0.585000 -0.125782
	0.590000 -0.124349
	0.595000 -0.123737
	0.600000 -0.123906
	0.605000 -0.124710
	0.610000 -0.126074
	0.615000 -0.127999
	0.620000 -0.130362
	0.625000 -0.133091
	0.630000 -0.136060
	0.635000 -0.139184
	0.640000 -0.142400
	0.645000 -0.145691
	0.650000 -0.148970
	0.655000 -0.152275
	0.660000 -0.155430
	0.665000 -0.158425
	0.670000 -0.161241
	0.675000 -0.163850
	0.680000 -0.166283
	0.685000 -0.168530
	0.690000 -0.170499
	0.695000 -0.172213
	0.700000 -0.173634
	0.705000 -0.174860
	0.710000 -0.175946
	0.715000 -0.176868
	0.720000 -0.177644
	0.725000 -0.178340
	0.730000 -0.178981
	0.735000 -0.179621
	0.740000 -0.180276
	0.745000 -0.180965
	0.750000 -0.181688
	0.755000 -0.182409
	0.760000 -0.183228
	0.765000 -0.184191
	0.770000 -0.185150
	0.775000 -0.186133
	0.780000 -0.187149
	0.785000 -0.188224
	0.790000 -0.189287
	0.795000 -0.190350
	0.800000 -0.191345
	0.805000 -0.192237
	0.810000 -0.192847
	0.815000 -0.193283
	0.820000 -0.193454
	0.825000 -0.193332
	0.830000 -0.192833
	0.835000 -0.192013
	0.840000 -0.190806
	0.845000 -0.189220
	0.850000 -0.187136
	0.855000 -0.184741
	0.860000 -0.181949
	0.865000 -0.178792
	0.870000 -0.175292
	0.875000 -0.171486
	0.880000 -0.167399
	0.885000 -0.163080
	0.890000 -0.158634
	0.895000 -0.154205
	0.900000 -0.149783
	0.905000 -0.145501
	0.910000 -0.141429
	0.915000 -0.137637
	0.920000 -0.134186
	0.925000 -0.131112
	0.930000 -0.128410
	0.935000 -0.126057
	0.940000 -0.124015
	0.945000 -0.122233
	0.950000 -0.120783
	0.955000 -0.119609
	0.960000 -0.118652
	0.965000 -0.117853
	0.970000 -0.117141
	0.975000 -0.116553
/baseTrajectory
/component
component
rotationAxis 0.000000 0.000000 1.000000
baseTrajectory
	0.000000 0.077890
	0.005000 0.071154
	0.010000 0.064471
	0.015000 0.057913
	0.020000 0.051471
	0.025000 0.045133
	0.030000 0.038848
	0.035000 0.032607
	0.040000 0.026402
	0.045000 0.020226
	0.050000 0.014117
	0.055000 0.007967
	0.060000 0.001775
	0.065000 -0.004412
	0.070000 -0.010719
	0.075000 -0.017101
	0.080000 -0.023517
	0.085000 -0.030021
	0.090000 -0.036534
	0.095000 -0.043051
	0.100000 -0.049492
	0.105000 -0.055822
	0.110000 -0.061993
	0.115000 -0.067909
	0.120000 -0.073515
	0.125000 -0.078725
	0.130000 -0.083451
	0.135000 -0.087712
	0.140000 -0.091455
	0.145000 -0.094674
	0.150000 -0.097357
	0.155000 -0.099552
	0.160000 -0.101224
	0.165000 -0.102394
	0.170000 -0.103133
	0.175000 -0.103551
	0.180000 -0.103614
	0.185000 -0.103355
	0.190000 -0.102781
	0.195000 -0.101937
	0.200000 -0.100788
	0.205000 -0.099440
	0.210000 -0.097941
	0.215000 -0.096314
	0.220000 -0.094460
	0.225000 -0.092485
	0.230000 -0.090440
	0.235000 -0.088395
	0.240000 -0.086343
	0.245000 -0.084337
	0.250000 -0.082362
	0.255000 -0.080461
	0.260000 -0.078649
	0.265000 -0.077023
	0.270000 -0.075547
	0.275000 -0.074243
	0.280000 -0.073107
	0.285000 -0.072217
	0.290000 -0.071589
	0.295000 -0.071239
	0.300000 -0.071163
	0.305000 -0.071404
	0.310000 -0.071949
	0.315000 -0.072854
	0.320000 -0.074112
	0.325000 -0.075737
	0.330000 -0.077685
	0.335000 -0.079988
	0.340000 -0.082629
	0.345000 -0.085586
	0.350000 -0.088854
	0.355000 -0.092425
	0.360000 -0.096251
	0.365000 -0.100309
	0.370000 -0.104564
	0.375000 -0.109004
	0.380000 -0.113558
	0.385000 -0.118172
	0.390000 -0.122846
	0.395000 -0.127438
	0.400000 -0.131904
	0.405000 -0.136186
	0.410000 -0.140232
	0.415000 -0.143974
	0.420000 -0.147342
	0.425000 -0.150293
	0.430000 -0.152846
	0.435000 -0.154921
	0.440000 -0.156587
	0.445000 -0.157820
	0.450000 -0.158633
	0.455000 -0.158960
	0.460000 -0.158841
	0.465000 -0.158259
	0.470000 -0.157262
	0.475000 -0.155786
	0.480000 -0.153873
	0.485000 -0.151467
	0.490000 -0.148562
	0.495000 -0.145160
	0.500000 -0.141396
	0.505000 -0.137266
	0.510000 -0.132850
	0.515000 -0.128079
	0.520000 -0.123075
	0.525000 -0.117829
	0.530000 -0.112389
	0.535000 -0.106822
	0.540000 -0.101112
	0.545000 -0.095262
	0.550000 -0.089258
	0.555000 -0.083089
	0.560000 -0.076847
	0.565000 -0.070476
	0.570000 -0.063985
	0.575000 -0.057432
	0.580000 -0.050793
	0.585000 -0.044123
	0.590000 -0.037391
	0.595000 -0.030648
	0.600000 -0.023942
	0.605000 -0.017271
	0.610000 -0.010730
	0.615000 -0.004307
	0.620000 0.001968
	0.625000 0.008063
	0.630000 0.013950
	0.635000 0.019562
	0.640000 0.024899
	0.645000 0.030009
	0.650000 0.034843
	0.655000 0.039507
	0.660000 0.043859
	0.665000 0.047938
	0.670000 0.051740
	0.675000 0.055271
	0.680000 0.058580
	0.685000 0.061639
	0.690000 0.064382
	0.695000 0.066852
	0.700000 0.068990
	0.705000 0.070893
	0.710000 0.072549
	0.715000 0.073974
	0.720000 0.075175
	0.725000 0.076117
	0.730000 0.076835
	0.735000 0.077390
	0.740000 0.077798
	0.745000 0.078092
	0.750000 0.078293
	0.755000 0.078448
	0.760000 0.078549
	0.765000 0.078640
	0.770000 0.078805
	0.775000 0.079073
	0.780000 0.079436
	0.785000 0.079917
	0.790000 0.080530
	0.795000 0.081263
	0.800000 0.082116
	0.805000 0.083160
	0.810000 0.084380
	0.815000 0.085734
	0.820000 0.087214
	0.825000 0.088831
	0.830000 0.090572
	0.835000 0.092408
	0.840000 0.094365
	0.845000 0.096403
	0.850000 0.098471
	0.855000 0.100558
	0.860000 0.102661
	0.865000 0.104746
	0.870000 0.106798
	0.875000 0.108779
	0.880000 0.110676
	0.885000 0.112418
	0.890000 0.113977
	0.895000 0.115300
	0.900000 0.116357
	0.905000 0.117075
	0.910000 0.117451
	0.915000 0.117395
	0.920000 0.116910
	0.925000 0.116011
	0.930000 0.114696
	0.935000 0.113032
	0.940000 0.110918
	0.945000 0.108351
	0.950000 0.105339
	0.955000 0.101855
	0.960000 0.097990
	0.965000 0.093719
	0.970000 0.088977
	0.975000 0.083793
/baseTrajectory
/component
/trajectory

trajectory hip_l
component
rotationAxis -1.000000 0.000000 0.000000
baseTrajectory
	0.000000 0.493313
	0.005000 0.494499
	0.010000 0.496052
	0.015000 0.497957
	0.020000 0.500270
	0.025000 0.502881
	0.030000 0.505730
	0.035000 0.508752
	0.040000 0.511915
	0.045000 0.515216
	0.050000 0.518658
	0.055000 0.522000
	0.060000 0.525307
	0.065000 0.528494
	0.070000 0.531415
	0.075000 0.534010
	0.080000 0.536259
	0.085000 0.538009
	0.090000 0.539200
	0.095000 0.539682
	0.100000 0.539553
	0.105000 0.538632
	0.110000 0.536886
	0.115000 0.534327
	0.120000 0.530992
	0.125000 0.526820
	0.130000 0.521809
	0.135000 0.515994
	0.140000 0.509442
	0.145000 0.502119
	0.150000 0.494108
	0.155000 0.485453
	0.160000 0.476184
	0.165000 0.466278
	0.170000 0.455825
	0.175000 0.444924
	0.180000 0.433584
	0.185000 0.421846
	0.190000 0.409754
	0.195000 0.397344
	0.200000 0.384641
	0.205000 0.371643
	0.210000 0.358412
	0.215000 0.344975
	0.220000 0.331319
	0.225000 0.317517
	0.230000 0.303460
	0.235000 0.289226
	0.240000 0.274834
	0.245000 0.260254
	0.250000 0.245547
	0.255000 0.230764
	0.260000 0.215848
	0.265000 0.200933
	0.270000 0.185905
	0.275000 0.170888
	0.280000 0.155805
	0.285000 0.140745
	0.290000 0.125675
	0.295000 0.110766
	0.300000 0.095976
	0.305000 0.081297
	0.310000 0.066652
	0.315000 0.052119
	0.320000 0.037892
	0.325000 0.023980
	0.330000 0.010307
	0.335000 -0.002987
	0.340000 -0.016064
	0.345000 -0.028923
	0.350000 -0.041450
	0.355000 -0.053690
	0.360000 -0.065608
	0.365000 -0.077356
	0.370000 -0.088918
	0.375000 -0.100346
	0.380000 -0.111630
	0.385000 -0.122762
	0.390000 -0.133829
	0.395000 -0.144745
	0.400000 -0.155526
	0.405000 -0.166163
	0.410000 -0.176666
	0.415000 -0.186997
	0.420000 -0.197053
	0.425000 -0.206843
	0.430000 -0.216362
	0.435000 -0.225430
	0.440000 -0.234176
	0.445000 -0.242473
	0.450000 -0.250321
	0.455000 -0.257679
	0.460000 -0.264511
	0.465000 -0.270769
	0.470000 -0.276499
	0.475000 -0.281586
	0.480000 -0.286097
	0.485000 -0.289889
	0.490000 -0.292948
	0.495000 -0.295229
	0.500000 -0.296691
	0.505000 -0.297303
	0.510000 -0.297109
	0.515000 -0.295931
	0.520000 -0.293865
	0.525000 -0.290792
	0.530000 -0.286761
	0.535000 -0.281774
	0.540000 -0.275710
	0.545000 -0.268611
	0.550000 -0.260434
	0.555000 -0.251108
	0.560000 -0.240748
	0.565000 -0.229234
	0.570000 -0.216571
	0.575000 -0.202743
	0.580000 -0.187748
	0.585000 -0.171740
	0.590000 -0.154668
	0.595000 -0.136586
	0.600000 -0.117612
	0.605000 -0.097782
	0.610000 -0.077300
	0.615000 -0.056218
	0.620000 -0.034727
	0.625000 -0.012927
	0.630000 0.009082
	0.635000 0.031134
	0.640000 0.053103
	0.645000 0.075032
	0.650000 0.096800
	0.655000 0.118495
	0.660000 0.139867
	0.665000 0.160949
	0.670000 0.181690
	0.675000 0.202069
	0.680000 0.222106
	0.685000 0.241765
	0.690000 0.260873
	0.695000 0.279451
	0.700000 0.297390
	0.705000 0.314786
	0.710000 0.331626
	0.715000 0.347870
	0.720000 0.363496
	0.725000 0.378391
	0.730000 0.392579
	0.735000 0.406107
	0.740000 0.418907
	0.745000 0.430987
	0.750000 0.442325
	0.755000 0.452908
	0.760000 0.462604
	0.765000 0.471475
	0.770000 0.479586
	0.775000 0.486923
	0.780000 0.493374
	0.785000 0.499075
	0.790000 0.503957
	0.795000 0.507973
	0.800000 0.511120
	0.805000 0.513762
	0.810000 0.515768
	0.815000 0.517120
	0.820000 0.517817
	0.825000 0.518022
	0.830000 0.517661
	0.835000 0.516802
	0.840000 0.515633
	0.845000 0.514096
	0.850000 0.511966
	0.855000 0.509457
	0.860000 0.506746
	0.865000 0.503847
	0.870000 0.500832
	0.875000 0.497754
	0.880000 0.494762
	0.885000 0.491800
	0.890000 0.489051
	0.895000 0.486658
	0.900000 0.484589
	0.905000 0.482791
	0.910000 0.481375
	0.915000 0.480323
	0.920000 0.479670
	0.925000 0.479392
	0.930000 0.479507
	0.935000 0.480004
	0.940000 0.480796
	0.945000 0.481847
	0.950000 0.483130
	0.955000 0.484580
	0.960000 0.486182
	0.965000 0.487907
	0.970000 0.489696
	0.975000 0.491532
/baseTrajectory
/component
component
rotationAxis 0.000000 -1.000000 0.000000
baseTrajectory
	0.000000 -0.242579
	0.005000 -0.235976
	0.010000 -0.229122
	0.015000 -0.222090
	0.020000 -0.214982
	0.025000 -0.207992
	0.030000 -0.201054
	0.035000 -0.194398
	0.040000 -0.187976
	0.045000 -0.181787
	0.050000 -0.175764
	0.055000 -0.170008
	0.060000 -0.164486
	0.065000 -0.159185
	0.070000 -0.154260
	0.075000 -0.149719
	0.080000 -0.145482
	0.085000 -0.141680
	0.090000 -0.138329
	0.095000 -0.135522
	0.100000 -0.133152
	0.105000 -0.131277
	0.110000 -0.129896
	0.115000 -0.128896
	0.120000 -0.128260
	0.125000 -0.127934
	0.130000 -0.127795
	0.135000 -0.127833
	0.140000 -0.127969
	0.145000 -0.128162
	0.150000 -0.128344
	0.155000 -0.128481
	0.160000 -0.128505
	0.165000 -0.128386
	0.170000 -0.128125
	0.175000 -0.127741
	0.180000 -0.127191
	0.185000 -0.126468
	0.190000 -0.125573
	0.195000 -0.124511
	0.200000 -0.123318
	0.205000 -0.121981
	0.210000 -0.120536
	0.215000 -0.119002
	0.220000 -0.117352
	0.225000 -0.115683
	0.230000 -0.113970
	0.235000 -0.112278
	0.240000 -0.110595
	0.245000 -0.108838
	0.250000 -0.107128
	0.255000 -0.105505
	0.260000 -0.103909
	0.265000 -0.102450
	0.270000 -0.100967
	0.275000 -0.099590
	0.280000 -0.098223
	0.285000 -0.096994
	0.290000 -0.095960
	0.295000 -0.095101
	0.300000 -0.094353
	0.305000 -0.093726
	0.310000 -0.093134
	0.315000 -0.092659
	0.320000 -0.092184
	0.325000 -0.091746
	0.330000 -0.091246
	0.335000 -0.090651
	0.340000 -0.089847
	0.345000 -0.088859
	0.350000 -0.087717
	0.355000 -0.086321
	0.360000 -0.084721
	0.365000 -0.082897
	0.370000 -0.080809
	0.375000 -0.078362
	0.380000 -0.075581
	0.385000 -0.072560
	0.390000 -0.069129
	0.395000 -0.065374
	0.400000 -0.061374
	0.405000 -0.057074
	0.410000 -0.052559
	0.415000 -0.047873
	0.420000 -0.043153
	0.425000 -0.038414
	0.430000 -0.033575
	0.435000 -0.028883
	0.440000 -0.024223
	0.445000 -0.019663
	0.450000 -0.015241
	0.455000 -0.010984
	0.460000 -0.006923
	0.465000 -0.003019
	0.470000 0.000741
	0.475000 0.004275
	0.480000 0.007707
	0.485000 0.010927
	0.490000 0.013989
	0.495000 0.016912
	0.500000 0.019875
	0.505000 0.022884
	0.510000 0.025995
	0.515000 0.029218
	0.520000 0.032616
	0.525000 0.036109
	0.530000 0.039797
	0.535000 0.043662
	0.540000 0.047710
	0.545000 0.051784
	0.550000 0.055882
	0.555000 0.059934
	0.560000 0.063858
	0.565000 0.067593
	0.570000 0.071154
	0.575000 0.074475
	0.580000 0.077542
	0.585000 0.080301
	0.590000 0.082778
	0.595000 0.084966
	0.600000 0.086882
	0.605000 0.088576
	0.610000 0.090038
	0.615000 0.091290
	0.620000 0.092363
	0.625000 0.093244
	0.630000 0.093961
	0.635000 0.094492
	0.640000 0.094839
	0.645000 0.094962
	0.650000 0.094839
	0.655000 0.094497
	0.660000 0.093894
	0.665000 0.093002
	0.670000 0.091818
	0.675000 0.090327
	0.680000 0.088552
	0.685000 0.086472
	0.690000 0.084121
	0.695000 0.081521
	0.700000 0.078660
	0.705000 0.075565
	0.710000 0.072242
	0.715000 0.068734
	0.720000 0.065073
	0.725000 0.061259
	0.730000 0.057338
	0.735000 0.053327
	0.740000 0.049223
	0.745000 0.045079
	0.750000 0.040919
	0.755000 0.036801
	0.760000 0.032697
	0.765000 0.028633
	0.770000 0.024632
	0.775000 0.020706
	0.780000 0.016848
	0.785000 0.013124
	0.790000 0.009478
	0.795000 0.005907
	0.800000 0.002400
	0.805000 -0.000986
	0.810000 -0.004292
	0.815000 -0.007541
	0.820000 -0.010743
	0.825000 -0.013948
	0.830000 -0.017200
	0.835000 -0.020547
	0.840000 -0.023989
	0.845000 -0.027693
	0.850000 -0.031794
	0.855000 -0.036285
	0.860000 -0.041268
	0.865000 -0.046856
	0.870000 -0.053163
	0.875000 -0.060243
	0.880000 -0.068193
	0.885000 -0.077068
	0.890000 -0.086811
	0.895000 -0.097376
	0.900000 -0.108744
	0.905000 -0.120834
	0.910000 -0.133445
	0.915000 -0.146315
	0.920000 -0.159326
	0.925000 -0.171996
	0.930000 -0.184212
	0.935000 -0.195606
	0.940000 -0.206087
	0.945000 -0.215577
	0.950000 -0.223696
	0.955000 -0.230503
	0.960000 -0.235745
	0.965000 -0.239480
	0.970000 -0.241841
	0.975000 -0.242849
/baseTrajectory
/component
component
rotationAxis 0.000000 0.000000 -1.000000
baseTrajectory
	0.000000 -0.102415
	0.005000 -0.098091
	0.010000 -0.093629
	0.015000 -0.089063
	0.020000 -0.084341
	0.025000 -0.079484
	0.030000 -0.074405
	0.035000 -0.069136
	0.040000 -0.063638
	0.045000 -0.057882
	0.050000 -0.051884
	0.055000 -0.045602
	0.060000 -0.039000
	0.065000 -0.032138
	0.070000 -0.024958
	0.075000 -0.017509
	0.080000 -0.009812
	0.085000 -0.001869
	0.090000 0.006234
	0.095000 0.014450
	0.100000 0.022739
	0.105000 0.031026
	0.110000 0.039260
	0.115000 0.047368
	0.120000 0.055289
	0.125000 0.062933
	0.130000 0.070233
	0.135000 0.077180
	0.140000 0.083729
	0.145000 0.089855
	0.150000 0.095544
	0.155000 0.100815
	0.160000 0.105642
	0.165000 0.110034
	0.170000 0.114042
	0.175000 0.117734
	0.180000 0.121093
	0.185000 0.124141
	0.190000 0.126881
	0.195000 0.129346
	0.200000 0.131502
	0.205000 0.133430
	0.210000 0.135164
	0.215000 0.136724
	0.220000 0.138039
	0.225000 0.139172
	0.230000 0.140152
	0.235000 0.141033
	0.240000 0.141820
	0.245000 0.142571
	0.250000 0.143242
	0.255000 0.143857
	0.260000 0.144432
	0.265000 0.145038
	0.270000 0.145671
	0.275000 0.146324
	0.280000 0.146994
	0.285000 0.147717
	0.290000 0.148484
	0.295000 0.149354
	0.300000 0.150331
	0.305000 0.151410
	0.310000 0.152589
	0.315000 0.153865
	0.320000 0.155289
	0.325000 0.156854
	0.330000 0.158543
	0.335000 0.160373
	0.340000 0.162306
	0.345000 0.164331
	0.350000 0.166441
	0.355000 0.168597
	0.360000 0.170807
	0.365000 0.173013
	0.370000 0.175195
	0.375000 0.177313
	0.380000 0.179353
	0.385000 0.181296
	0.390000 0.183060
	0.395000 0.184649
	0.400000 0.186028
	0.405000 0.187134
	0.410000 0.187958
	0.415000 0.188454
	0.420000 0.188616
	0.425000 0.188411
	0.430000 0.187795
	0.435000 0.186834
	0.440000 0.185433
	0.445000 0.183643
	0.450000 0.181488
	0.455000 0.178882
	0.460000 0.175896
	0.465000 0.172491
	0.470000 0.168682
	0.475000 0.164483
	0.480000 0.159891
	0.485000 0.155020
	0.490000 0.149858
	0.495000 0.144422
	0.500000 0.138885
	0.505000 0.133239
	0.510000 0.127560
	0.515000 0.121887
	0.520000 0.116294
	0.525000 0.110793
	0.530000 0.105353
	0.535000 0.100011
	0.540000 0.094794
	0.545000 0.089637
	0.550000 0.084530
	0.555000 0.079470
	0.560000 0.074413
	0.565000 0.069324
	0.570000 0.064198
	0.575000 0.059035
	0.580000 0.053814
	0.585000 0.048492
	0.590000 0.043066
	0.595000 0.037562
	0.600000 0.032018
	0.605000 0.026473
	0.610000 0.021026
	0.615000 0.015635
	0.620000 0.010381
	0.625000 0.005299
	0.630000 0.000466
	0.635000 -0.004045
	0.640000 -0.008219
	0.645000 -0.012129
	0.650000 -0.015711
	0.655000 -0.019103
	0.660000 -0.022110
	0.665000 -0.024793
	0.670000 -0.027162
	0.675000 -0.029234
	0.680000 -0.031076
	0.685000 -0.032678
	0.690000 -0.033937
	0.695000 -0.034915
	0.700000 -0.035544
	0.705000 -0.035968
	0.710000 -0.036198
	0.715000 -0.036235
	0.720000 -0.036089
	0.725000 -0.035745
	0.730000 -0.035239
	0.735000 -0.034655
	0.740000 -0.034023
	0.745000 -0.033372
	0.750000 -0.032721
	0.755000 -0.032093
	0.760000 -0.031523
	0.765000 -0.031067
	0.770000 -0.030785
	0.775000 -0.030712
	0.780000 -0.030857
	0.785000 -0.031224
	0.790000 -0.031851
	0.795000 -0.032734
	0.800000 -0.033873
	0.805000 -0.035305
	0.810000 -0.037014
	0.815000 -0.038980
	0.820000 -0.041185
	0.825000 -0.043648
	0.830000 -0.046359
	0.835000 -0.049289
	0.840000 -0.052449
	0.845000 -0.055837
	0.850000 -0.059423
	0.855000 -0.063181
	0.860000 -0.067103
	0.865000 -0.071165
	0.870000 -0.075340
	0.875000 -0.079587
	0.880000 -0.083881
	0.885000 -0.088152
	0.890000 -0.092330
	0.895000 -0.096344
	0.900000 -0.100150
	0.905000 -0.103669
	0.910000 -0.106855
	0.915000 -0.109609
	0.920000 -0.111925
	0.925000 -0.113752
	0.930000 -0.115100
	0.935000 -0.115995
	0.940000 -0.116385
	0.945000 -0.116304
	0.950000 -0.115709
	0.955000 -0.114632
	0.960000 -0.113105
	0.965000 -0.111131
	0.970000 -0.108687
	0.975000 -0.105800
/baseTrajectory
/component
/trajectory

trajectory knee_l
component
rotationAxis -1.000000 0.000000 0.000000
baseTrajectory
	0.000000 -0.120118
	0.005000 -0.129174
	0.010000 -0.139266
	0.015000 -0.150268
	0.020000 -0.162002
	0.025000 -0.174369
	0.030000 -0.187153
	0.035000 -0.200330
	0.040000 -0.213736
	0.045000 -0.227256
	0.050000 -0.240781
	0.055000 -0.254216
	0.060000 -0.267454
	0.065000 -0.280435
	0.070000 -0.293104
	0.075000 -0.305396
	0.080000 -0.317209
	0.085000 -0.328490
	0.090000 -0.339199
	0.095000 -0.349283
	0.100000 -0.358635
	0.105000 -0.367220
	0.110000 -0.374995
	0.115000 -0.381868
	0.120000 -0.387806
	0.125000 -0.392783
	0.130000 -0.396747
	0.135000 -0.399684
	0.140000 -0.401592
	0.145000 -0.402490
	0.150000 -0.402372
	0.155000 -0.401268
	0.160000 -0.399205
	0.165000 -0.396228
	0.170000 -0.392372
	0.175000 -0.387711
	0.180000 -0.382294
	0.185000 -0.376186
	0.190000 -0.369438
	0.195000 -0.362133
	0.200000 -0.354354
	0.205000 -0.346148
	0.210000 -0.337566
	0.215000 -0.328680
	0.220000 -0.319526
	0.225000 -0.310221
	0.230000 -0.300750
	0.235000 -0.291215
	0.240000 -0.281598
	0.245000 -0.271864
	0.250000 -0.262124
	0.255000 -0.252475
	0.260000 -0.242878
	0.265000 -0.233438
	0.270000 -0.224016
	0.275000 -0.214759
	0.280000 -0.205593
	0.285000 -0.196689
	0.290000 -0.188080
	0.295000 -0.179777
	0.300000 -0.171707
	0.305000 -0.163946
	0.310000 -0.156425
	0.315000 -0.149315
	0.320000 -0.142553
	0.325000 -0.136201
	0.330000 -0.130142
	0.335000 -0.124450
	0.340000 -0.119072
	0.345000 -0.114025
	0.350000 -0.109374
	0.355000 -0.105117
	0.360000 -0.101206
	0.365000 -0.097671
	0.370000 -0.094495
	0.375000 -0.091695
	0.380000 -0.089231
	0.385000 -0.087118
	0.390000 -0.085373
	0.395000 -0.083952
	0.400000 -0.082875
	0.405000 -0.082159
	0.410000 -0.081789
	0.415000 -0.081794
	0.420000 -0.082206
	0.425000 -0.083067
	0.430000 -0.084408
	0.435000 -0.086263
	0.440000 -0.088655
	0.445000 -0.091629
	0.450000 -0.095208
	0.455000 -0.099488
	0.460000 -0.104483
	0.465000 -0.110282
	0.470000 -0.116877
	0.475000 -0.124346
	0.480000 -0.132715
	0.485000 -0.142051
	0.490000 -0.152408
	0.495000 -0.163850
	0.500000 -0.176322
	0.505000 -0.189927
	0.510000 -0.204616
	0.515000 -0.220468
	0.520000 -0.237463
	0.525000 -0.255687
	0.530000 -0.275072
	0.535000 -0.295620
	0.540000 -0.317297
	0.545000 -0.340141
	0.550000 -0.364048
	0.555000 -0.389016
	0.560000 -0.414980
	0.565000 -0.441868
	0.570000 -0.469525
	0.575000 -0.497942
	0.580000 -0.526972
	0.585000 -0.556507
	0.590000 -0.586406
	0.595000 -0.616556
	0.600000 -0.646790
	0.605000 -0.676953
	0.610000 -0.706860
	0.615000 -0.736420
	0.620000 -0.765414
	0.625000 -0.793721
	0.630000 -0.821179
	0.635000 -0.847640
	0.640000 -0.872972
	0.645000 -0.897108
	0.650000 -0.919920
	0.655000 -0.941396
	0.660000 -0.961347
	0.665000 -0.979732
	0.670000 -0.996487
	0.675000 -1.011573
	0.680000 -1.024967
	0.685000 -1.036638
	0.690000 -1.046507
	0.695000 -1.054584
	0.700000 -1.060824
	0.705000 -1.065300
	0.710000 -1.068032
	0.715000 -1.069030
	0.720000 -1.068311
	0.725000 -1.065888
	0.730000 -1.061807
	0.735000 -1.056125
	0.740000 -1.048868
	0.745000 -1.040078
	0.750000 -1.029789
	0.755000 -1.018024
	0.760000 -1.004816
	0.765000 -0.990220
	0.770000 -0.974288
	0.775000 -0.957047
	0.780000 -0.938518
	0.785000 -0.918756
	0.790000 -0.897786
	0.795000 -0.875635
	0.800000 -0.852344
	0.805000 -0.828009
	0.810000 -0.802630
	0.815000 -0.776253
	0.820000 -0.748925
	0.825000 -0.720741
	0.830000 -0.691742
	0.835000 -0.662029
	0.840000 -0.631703
	0.845000 -0.600879
	0.850000 -0.569631
	0.855000 -0.538119
	0.860000 -0.506515
	0.865000 -0.474977
	0.870000 -0.443727
	0.875000 -0.412927
	0.880000 -0.382818
	0.885000 -0.353570
	0.890000 -0.325387
	0.895000 -0.298476
	0.900000 -0.273022
	0.905000 -0.249177
	0.910000 -0.227103
	0.915000 -0.206814
	0.920000 -0.188502
	0.925000 -0.172112
	0.930000 -0.157779
	0.935000 -0.145455
	0.940000 -0.135132
	0.945000 -0.126846
	0.950000 -0.120474
	0.955000 -0.116017
	0.960000 -0.113404
	0.965000 -0.112563
	0.970000 -0.113443
	0.975000 -0.115953
/baseTrajectory
/component
/trajectory

trajectory ankle_l
component
rotationAxis -0.979126 0.174022 0.105014
baseTrajectory
	0.000000 0.045395
	0.005000 0.034134
	0.010000 0.021731
	0.015000 0.008392
	0.020000 -0.005874
	0.025000 -0.020541
	0.030000 -0.035382
	0.035000 -0.049894
	0.040000 -0.063849
	0.045000 -0.076957
	0.050000 -0.088937
	0.055000 -0.099490
	0.060000 -0.108527
	0.065000 -0.115779
	0.070000 -0.121130
	0.075000 -0.124522
	0.080000 -0.126067
	0.085000 -0.125711
	0.090000 -0.123535
	0.095000 -0.119572
	0.100000 -0.114167
	0.105000 -0.107370
	0.110000 -0.099377
	0.115000 -0.090475
	0.120000 -0.080911
	0.125000 -0.070827
	0.130000 -0.060481
	0.135000 -0.050047
	0.140000 -0.039739
	0.145000 -0.029595
	0.150000 -0.019788
	0.155000 -0.010389
	0.160000 -0.001482
	0.165000 0.006937
	0.170000 0.014816
	0.175000 0.022163
	0.180000 0.028975
	0.185000 0.035291
	0.190000 0.041102
	0.195000 0.046466
	0.200000 0.051379
	0.205000 0.055934
	0.210000 0.060154
	0.215000 0.064076
	0.220000 0.067742
	0.225000 0.071201
	0.230000 0.074504
	0.235000 0.077676
	0.240000 0.080727
	0.245000 0.083728
	0.250000 0.086669
	0.255000 0.089576
	0.260000 0.092484
	0.265000 0.095375
	0.270000 0.098288
	0.275000 0.101233
	0.280000 0.104251
	0.285000 0.107340
	0.290000 0.110523
	0.295000 0.113768
	0.300000 0.117087
	0.305000 0.120511
	0.310000 0.124063
	0.315000 0.127748
	0.320000 0.131509
	0.325000 0.135345
	0.330000 0.139270
	0.335000 0.143249
	0.340000 0.147326
	0.345000 0.151495
	0.350000 0.155712
	0.355000 0.160006
	0.360000 0.164319
	0.365000 0.168692
	0.370000 0.173090
	0.375000 0.177519
	0.380000 0.181931
	0.385000 0.186296
	0.390000 0.190645
	0.395000 0.194911
	0.400000 0.199058
	0.405000 0.203107
	0.410000 0.207016
	0.415000 0.210790
	0.420000 0.214380
	0.425000 0.217791
	0.430000 0.221027
	0.435000 0.223990
	0.440000 0.226759
	0.445000 0.229266
	0.450000 0.231459
	0.455000 0.233355
	0.460000 0.234873
	0.465000 0.235978
	0.470000 0.236649
	0.475000 0.236743
	0.480000 0.236254
	0.485000 0.234884
	0.490000 0.232523
	0.495000 0.229026
	0.500000 0.224139
	0.505000 0.217716
	0.510000 0.209551
	0.515000 0.199363
	0.520000 0.187084
	0.525000 0.172458
	0.530000 0.155492
	0.535000 0.136132
	0.540000 0.114295
	0.545000 0.090072
	0.550000 0.063506
	0.555000 0.034792
	0.560000 0.004252
	0.565000 -0.027869
	0.570000 -0.061160
	0.575000 -0.095057
	0.580000 -0.129094
	0.585000 -0.162577
	0.590000 -0.194945
	0.595000 -0.225560
	0.600000 -0.253873
	0.605000 -0.279371
	0.610000 -0.301687
	0.615000 -0.320346
	0.620000 -0.335213
	0.625000 -0.346087
	0.630000 -0.353034
	0.635000 -0.356198
	0.640000 -0.355695
	0.645000 -0.351777
	0.650000 -0.344777
	0.655000 -0.334891
	0.660000 -0.322716
	0.665000 -0.308665
	0.670000 -0.293187
	0.675000 -0.276672
	0.680000 -0.259362
	0.685000 -0.241757
	0.690000 -0.224163
	0.695000 -0.206865
	0.700000 -0.190155
	0.705000 -0.174092
	0.710000 -0.158845
	0.715000 -0.144437
	0.720000 -0.130906
	0.725000 -0.118307
	0.730000 -0.106562
	0.735000 -0.095621
	0.740000 -0.085389
	0.745000 -0.075831
	0.750000 -0.066886
	0.755000 -0.058422
	0.760000 -0.050450
	0.765000 -0.042958
	0.770000 -0.035901
	0.775000 -0.029232
	0.780000 -0.022960
	0.785000 -0.017137
	0.790000 -0.011744
	0.795000 -0.006800
	0.800000 -0.002317
	0.805000 0.001673
	0.810000 0.005187
	0.815000 0.008195
	0.820000 0.010704
	0.825000 0.012720
	0.830000 0.014289
	0.835000 0.015463
	0.840000 0.016265
	0.845000 0.016778
	0.850000 0.017135
	0.855000 0.017401
	0.860000 0.017625
	0.865000 0.017903
	0.870000 0.018421
	0.875000 0.019226
	0.880000 0.020408
	0.885000 0.022033
	0.890000 0.024083
	0.895000 0.026547
	0.900000 0.029451
	0.905000 0.032832
	0.910000 0.036600
	0.915000 0.040511
	0.920000 0.044553
	0.925000 0.048509
	0.930000 0.052320
	0.935000 0.055860
	0.940000 0.058880
	0.945000 0.061296
	0.950000 0.062793
	0.955000 0.063282
	0.960000 0.062612
	0.965000 0.060637
	0.970000 0.057215
	0.975000 0.052235
/baseTrajectory
/component
/trajectory

trajectory subtalar_l
component
rotationAxis 0.120949 -0.604747 -0.787180
baseTrajectory
	0.000000 0.010428
	0.005000 -0.006610
	0.010000 -0.023756
	0.015000 -0.040806
	0.020000 -0.057833
	0.025000 -0.074342
	0.030000 -0.090541
	0.035000 -0.105824
	0.040000 -0.120423
	0.045000 -0.134402
	0.050000 -0.147805
	0.055000 -0.160657
	0.060000 -0.173112
	0.065000 -0.185053
	0.070000 -0.196397
	0.075000 -0.207130
	0.080000 -0.217446
	0.085000 -0.227124
	0.090000 -0.236089
	0.095000 -0.244135
	0.100000 -0.251439
	0.105000 -0.257809
	0.110000 -0.263192
	0.115000 -0.267759
	0.120000 -0.271446
	0.125000 -0.274294
	0.130000 -0.276447
	0.135000 -0.277892
	0.140000 -0.278722
	0.145000 -0.279009
	0.150000 -0.278843
	0.155000 -0.278301
	0.160000 -0.277476
	0.165000 -0.276467
	0.170000 -0.275289
	0.175000 -0.273997
	0.180000 -0.272646
	0.185000 -0.271276
	0.190000 -0.269908
	0.195000 -0.268564
	0.200000 -0.267279
	0.205000 -0.266018
	0.210000 -0.264743
	0.215000 -0.263456
	0.220000 -0.262114
	0.225000 -0.260724
	0.230000 -0.259193
	0.235000 -0.257527
	0.240000 -0.255676
	0.245000 -0.253562
	0.250000 -0.251173
	0.255000 -0.248548
	0.260000 -0.245615
	0.265000 -0.242458
	0.270000 -0.238967
	0.275000 -0.235167
	0.280000 -0.230971
	0.285000 -0.226500
	0.290000 -0.221672
	0.295000 -0.216620
	0.300000 -0.211313
	0.305000 -0.205729
	0.310000 -0.199825
	0.315000 -0.193641
	0.320000 -0.187337
	0.325000 -0.180953
	0.330000 -0.174421
	0.335000 -0.167891
	0.340000 -0.161236
	0.345000 -0.154478
	0.350000 -0.147754
	0.355000 -0.141005
	0.360000 -0.134375
	0.365000 -0.127798
	0.370000 -0.121354
	0.375000 -0.115000
	0.380000 -0.108877
	0.385000 -0.103055
	0.390000 -0.097448
	0.395000 -0.092178
	0.400000 -0.087304
	0.405000 -0.082771
	0.410000 -0.078581
	0.415000 -0.074683
	0.420000 -0.071162
	0.425000 -0.067891
	0.430000 -0.064824
	0.435000 -0.062114
	0.440000 -0.059574
	0.445000 -0.057259
	0.450000 -0.055168
	0.455000 -0.053192
	0.460000 -0.051401
	0.465000 -0.049782
	0.470000 -0.048324
	0.475000 -0.047171
	0.480000 -0.046256
	0.485000 -0.045830
	0.490000 -0.045946
	0.495000 -0.046629
	0.500000 -0.048248
	0.505000 -0.050774
	0.510000 -0.054232
	0.515000 -0.058889
	0.520000 -0.064513
	0.525000 -0.071140
	0.530000 -0.078528
	0.535000 -0.086492
	0.540000 -0.095103
	0.545000 -0.103838
	0.550000 -0.112622
	0.555000 -0.121305
	0.560000 -0.129317
	0.565000 -0.136712
	0.570000 -0.143374
	0.575000 -0.149100
	0.580000 -0.153894
	0.585000 -0.157397
	0.590000 -0.159829
	0.595000 -0.161189
	0.600000 -0.161599
	0.605000 -0.161371
	0.610000 -0.160599
	0.615000 -0.159430
	0.620000 -0.158202
	0.625000 -0.157122
	0.630000 -0.156571
	0.635000 -0.156673
	0.640000 -0.157657
	0.645000 -0.159567
	0.650000 -0.162494
	0.655000 -0.166497
	0.660000 -0.171575
	0.665000 -0.177664
	0.670000 -0.184671
	0.675000 -0.192476
	0.680000 -0.200992
	0.685000 -0.209982
	0.690000 -0.219368
	0.695000 -0.228992
	0.700000 -0.238693
	0.705000 -0.248352
	0.710000 -0.257818
	0.715000 -0.267013
	0.720000 -0.275829
	0.725000 -0.284204
	0.730000 -0.292101
	0.735000 -0.299471
	0.740000 -0.306310
	0.745000 -0.312600
	0.750000 -0.318337
	0.755000 -0.323591
	0.760000 -0.328324
	0.765000 -0.332560
	0.770000 -0.336303
	0.775000 -0.339602
	0.780000 -0.342476
	0.785000 -0.344934
	0.790000 -0.347021
	0.795000 -0.348736
	0.800000 -0.350072
	0.805000 -0.351078
	0.810000 -0.351737
	0.815000 -0.351964
	0.820000 -0.351735
	0.825000 -0.350938
	0.830000 -0.349546
	0.835000 -0.347355
	0.840000 -0.344342
	0.845000 -0.340251
	0.850000 -0.334815
	0.855000 -0.328046
	0.860000 -0.319871
	0.865000 -0.310126
	0.870000 -0.298518
	0.875000 -0.285069
	0.880000 -0.269655
	0.885000 -0.252324
	0.890000 -0.233231
	0.895000 -0.212608
	0.900000 -0.190590
	0.905000 -0.167297
	0.910000 -0.143207
	0.915000 -0.119085
	0.920000 -0.095098
	0.925000 -0.072193
	0.930000 -0.050535
	0.935000 -0.030710
	0.940000 -0.013307
	0.945000 0.001692
	0.950000 0.013340
	0.955000 0.021788
	0.960000 0.026634
	0.965000 0.027907
	0.970000 0.025719
	0.975000 0.020123
/baseTrajectory
/component
/trajectory

trajectory knee_r
component
rotationAxis -1.000000 0.000000 0.000000
baseTrajectory
	0.000000 -0.231188
	0.005000 -0.241829
	0.010000 -0.253441
	0.015000 -0.266107
	0.020000 -0.279916
	0.025000 -0.294907
	0.030000 -0.311168
	0.035000 -0.328742
	0.040000 -0.347686
	0.045000 -0.367993
	0.050000 -0.389640
	0.055000 -0.412668
	0.060000 -0.437029
	0.065000 -0.462668
	0.070000 -0.489528
	0.075000 -0.517501
	0.080000 -0.546453
	0.085000 -0.576234
	0.090000 -0.606684
	0.095000 -0.637621
	0.100000 -0.668862
	0.105000 -0.700204
	0.110000 -0.731433
	0.115000 -0.762361
	0.120000 -0.792812
	0.125000 -0.822586
	0.130000 -0.851511
	0.135000 -0.879439
	0.140000 -0.906229
	0.145000 -0.931738
	0.150000 -0.955858
	0.155000 -0.978508
	0.160000 -0.999579
	0.165000 -1.018983
	0.170000 -1.036684
	0.175000 -1.052672
	0.180000 -1.066892
	0.185000 -1.079332
	0.190000 -1.089967
	0.195000 -1.098815
	0.200000 -1.105853
	0.205000 -1.111127
	0.210000 -1.114673
	0.215000 -1.116521
	0.220000 -1.116652
	0.225000 -1.115122
	0.230000 -1.111966
	0.235000 -1.107243
	0.240000 -1.100980
	0.245000 -1.093223
	0.250000 -1.084000
	0.255000 -1.073353
	0.260000 -1.061310
	0.265000 -1.047952
	0.270000 -1.033310
	0.275000 -1.017408
	0.280000 -1.000281
	0.285000 -0.981971
	0.290000 -0.962512
	0.295000 -0.941966
	0.300000 -0.920364
	0.305000 -0.897744
	0.310000 -0.874134
	0.315000 -0.849561
	0.320000 -0.824108
	0.325000 -0.797817
	0.330000 -0.770746
	0.335000 -0.742972
	0.340000 -0.714522
	0.345000 -0.685487
	0.350000 -0.655974
	0.355000 -0.626074
	0.360000 -0.595941
	0.365000 -0.565671
	0.370000 -0.535439
	0.375000 -0.505396
	0.380000 -0.475740
	0.385000 -0.446678
	0.390000 -0.418394
	0.395000 -0.391048
	0.400000 -0.364884
	0.405000 -0.340074
	0.410000 -0.316810
	0.415000 -0.295236
	0.420000 -0.275495
	0.425000 -0.257671
	0.430000 -0.241875
	0.435000 -0.228155
	0.440000 -0.216613
	0.445000 -0.207211
	0.450000 -0.199960
	0.455000 -0.194761
	0.460000 -0.191579
	0.465000 -0.190304
	0.470000 -0.190921
	0.475000 -0.193291
	0.480000 -0.197366
	0.485000 -0.202973
	0.490000 -0.209996
	0.495000 -0.218304
	0.500000 -0.227916
	0.505000 -0.238685
	0.510000 -0.250575
	0.515000 -0.263335
	0.520000 -0.276916
	0.525000 -0.291114
	0.530000 -0.305851
	0.535000 -0.321021
	0.540000 -0.336431
	0.545000 -0.351908
	0.550000 -0.367290
	0.555000 -0.382390
	0.560000 -0.397178
	0.565000 -0.411462
	0.570000 -0.425147
	0.575000 -0.438117
	0.580000 -0.450239
	0.585000 -0.461496
	0.590000 -0.471761
	0.595000 -0.481003
	0.600000 -0.489180
	0.605000 -0.496224
	0.610000 -0.502125
	0.615000 -0.506880
	0.620000 -0.510468
	0.625000 -0.512913
	0.630000 -0.514214
	0.635000 -0.514416
	0.640000 -0.513537
	0.645000 -0.511622
	0.650000 -0.508734
	0.655000 -0.504919
	0.660000 -0.500233
	0.665000 -0.494729
	0.670000 -0.488474
	0.675000 -0.481535
	0.680000 -0.473966
	0.685000 -0.465853
	0.690000 -0.457242
	0.695000 -0.448175
	0.700000 -0.438719
	0.705000 -0.428950
	0.710000 -0.418952
	0.715000 -0.408763
	0.720000 -0.398423
	0.725000 -0.388018
	0.730000 -0.377588
	0.735000 -0.367187
	0.740000 -0.356871
	0.745000 -0.346670
	0.750000 -0.336603
	0.755000 -0.326705
	0.760000 -0.317009
	0.765000 -0.307595
	0.770000 -0.298394
	0.775000 -0.289477
	0.780000 -0.280835
	0.785000 -0.272508
	0.790000 -0.264503
	0.795000 -0.256844
	0.800000 -0.249484
	0.805000 -0.242513
	0.810000 -0.235831
	0.815000 -0.229548
	0.820000 -0.223604
	0.825000 -0.218061
	0.830000 -0.212889
	0.835000 -0.208113
	0.840000 -0.203748
	0.845000 -0.199811
	0.850000 -0.196202
	0.855000 -0.193028
	0.860000 -0.190237
	0.865000 -0.187831
	0.870000 -0.185779
	0.875000 -0.184081
	0.880000 -0.182740
	0.885000 -0.181717
	0.890000 -0.181043
	0.895000 -0.180762
	0.900000 -0.180806
	0.905000 -0.181206
	0.910000 -0.181964
	0.915000 -0.183102
	0.920000 -0.184596
	0.925000 -0.186439
	0.930000 -0.188633
	0.935000 -0.191149
	0.940000 -0.193988
	0.945000 -0.197169
	0.950000 -0.200719
	0.955000 -0.204655
	0.960000 -0.208972
	0.965000 -0.213719
	0.970000 -0.218948
	0.975000 -0.224702
/baseTrajectory
/component
/trajectory

trajectory ankle_r
component
rotationAxis -0.979126 -0.174022 -0.105014
baseTrajectory
	0.000000 0.242428
	0.005000 0.232022
	0.010000 0.220047
	0.015000 0.206458
	0.020000 0.190972
	0.025000 0.173641
	0.030000 0.154448
	0.035000 0.133403
	0.040000 0.110481
	0.045000 0.085733
	0.050000 0.059333
	0.055000 0.031418
	0.060000 0.002147
	0.065000 -0.028027
	0.070000 -0.058846
	0.075000 -0.089915
	0.080000 -0.120815
	0.085000 -0.151108
	0.090000 -0.180316
	0.095000 -0.207997
	0.100000 -0.233765
	0.105000 -0.257195
	0.110000 -0.278018
	0.115000 -0.295962
	0.120000 -0.310882
	0.125000 -0.322659
	0.130000 -0.331228
	0.135000 -0.336641
	0.140000 -0.339011
	0.145000 -0.338433
	0.150000 -0.335142
	0.155000 -0.329279
	0.160000 -0.321172
	0.165000 -0.311065
	0.170000 -0.299277
	0.175000 -0.285980
	0.180000 -0.271534
	0.185000 -0.256208
	0.190000 -0.240352
	0.195000 -0.224134
	0.200000 -0.208018
	0.205000 -0.191935
	0.210000 -0.176098
	0.215000 -0.160633
	0.220000 -0.145876
	0.225000 -0.131851
	0.230000 -0.118506
	0.235000 -0.105847
	0.240000 -0.093968
	0.245000 -0.082605
	0.250000 -0.072061
	0.255000 -0.062278
	0.260000 -0.053144
	0.265000 -0.044599
	0.270000 -0.036491
	0.275000 -0.028930
	0.280000 -0.021789
	0.285000 -0.015048
	0.290000 -0.008727
	0.295000 -0.002729
	0.300000 0.003010
	0.305000 0.008461
	0.310000 0.013740
	0.315000 0.018763
	0.320000 0.023553
	0.325000 0.028074
	0.330000 0.032397
	0.335000 0.036498
	0.340000 0.040439
	0.345000 0.044208
	0.350000 0.047844
	0.355000 0.051349
	0.360000 0.054777
	0.365000 0.058164
	0.370000 0.061564
	0.375000 0.065041
	0.380000 0.068590
	0.385000 0.072232
	0.390000 0.076048
	0.395000 0.079911
	0.400000 0.083871
	0.405000 0.087851
	0.410000 0.091882
	0.415000 0.095849
	0.420000 0.099614
	0.425000 0.103124
	0.430000 0.106337
	0.435000 0.109061
	0.440000 0.111280
	0.445000 0.112840
	0.450000 0.113709
	0.455000 0.113603
	0.460000 0.112526
	0.465000 0.110267
	0.470000 0.106856
	0.475000 0.102021
	0.480000 0.095850
	0.485000 0.088234
	0.490000 0.079111
	0.495000 0.068490
	0.500000 0.056713
	0.505000 0.043828
	0.510000 0.030317
	0.515000 0.016113
	0.520000 0.001853
	0.525000 -0.012362
	0.530000 -0.025987
	0.535000 -0.038599
	0.540000 -0.050000
	0.545000 -0.059921
	0.550000 -0.068163
	0.555000 -0.074712
	0.560000 -0.079162
	0.565000 -0.081702
	0.570000 -0.082276
	0.575000 -0.081041
	0.580000 -0.078151
	0.585000 -0.073610
	0.590000 -0.067711
	0.595000 -0.060608
	0.600000 -0.052476
	0.605000 -0.043623
	0.610000 -0.034277
	0.615000 -0.024537
	0.620000 -0.014569
	0.625000 -0.004540
	0.630000 0.005384
	0.635000 0.015084
	0.640000 0.024494
	0.645000 0.033510
	0.650000 0.042103
	0.655000 0.050376
	0.660000 0.058197
	0.665000 0.065506
	0.670000 0.072328
	0.675000 0.078671
	0.680000 0.084610
	0.685000 0.090136
	0.690000 0.095279
	0.695000 0.100054
	0.700000 0.104421
	0.705000 0.108473
	0.710000 0.112257
	0.715000 0.115804
	0.720000 0.119134
	0.725000 0.122301
	0.730000 0.125330
	0.735000 0.128243
	0.740000 0.131070
	0.745000 0.133821
	0.750000 0.136502
	0.755000 0.139136
	0.760000 0.141765
	0.765000 0.144390
	0.770000 0.146937
	0.775000 0.149439
	0.780000 0.151944
	0.785000 0.154447
	0.790000 0.156980
	0.795000 0.159574
	0.800000 0.162241
	0.805000 0.164919
	0.810000 0.167652
	0.815000 0.170475
	0.820000 0.173396
	0.825000 0.176393
	0.830000 0.179487
	0.835000 0.182668
	0.840000 0.185911
	0.845000 0.189215
	0.850000 0.192621
	0.855000 0.196086
	0.860000 0.199621
	0.865000 0.203208
	0.870000 0.206810
	0.875000 0.210412
	0.880000 0.213991
	0.885000 0.217539
	0.890000 0.221038
	0.895000 0.224469
	0.900000 0.227807
	0.905000 0.231016
	0.910000 0.234065
	0.915000 0.236984
	0.920000 0.239736
	0.925000 0.242286
	0.930000 0.244583
	0.935000 0.246587
	0.940000 0.248217
	0.945000 0.249475
	0.950000 0.250316
	0.955000 0.250684
	0.960000 0.250471
	0.965000 0.249608
	0.970000 0.248033
	0.975000 0.245682
/baseTrajectory
/component
/trajectory

trajectory subtalar_r
component
rotationAxis 0.120949 0.604747 0.787180
baseTrajectory
	0.000000 0.090104
	0.005000 0.091471
	0.010000 0.091238
	0.015000 0.089339
	0.020000 0.085580
	0.025000 0.079955
	0.030000 0.072610
	0.035000 0.063598
	0.040000 0.052885
	0.045000 0.040434
	0.050000 0.026111
	0.055000 0.010536
	0.060000 -0.006499
	0.065000 -0.024860
	0.070000 -0.044032
	0.075000 -0.063920
	0.080000 -0.084452
	0.085000 -0.105147
	0.090000 -0.125877
	0.095000 -0.146218
	0.100000 -0.166424
	0.105000 -0.185999
	0.110000 -0.204796
	0.115000 -0.222893
	0.120000 -0.240280
	0.125000 -0.256795
	0.130000 -0.272488
	0.135000 -0.287328
	0.140000 -0.301386
	0.145000 -0.314439
	0.150000 -0.326586
	0.155000 -0.337672
	0.160000 -0.347680
	0.165000 -0.356504
	0.170000 -0.364179
	0.175000 -0.370462
	0.180000 -0.375328
	0.185000 -0.378811
	0.190000 -0.381017
	0.195000 -0.381926
	0.200000 -0.381844
	0.205000 -0.380594
	0.210000 -0.378251
	0.215000 -0.374899
	0.220000 -0.371105
	0.225000 -0.366912
	0.230000 -0.362215
	0.235000 -0.357097
	0.240000 -0.351776
	0.245000 -0.346158
	0.250000 -0.340709
	0.255000 -0.335479
	0.260000 -0.330486
	0.265000 -0.325633
	0.270000 -0.320937
	0.275000 -0.316656
	0.280000 -0.312761
	0.285000 -0.309178
	0.290000 -0.305909
	0.295000 -0.302868
	0.300000 -0.300037
	0.305000 -0.297381
	0.310000 -0.294805
	0.315000 -0.292268
	0.320000 -0.289742
	0.325000 -0.287142
	0.330000 -0.284444
	0.335000 -0.281483
	0.340000 -0.278121
	0.345000 -0.274339
	0.350000 -0.269791
	0.355000 -0.264322
	0.360000 -0.257711
	0.365000 -0.249816
	0.370000 -0.240413
	0.375000 -0.229161
	0.380000 -0.216151
	0.385000 -0.201454
	0.390000 -0.184497
	0.395000 -0.166046
	0.400000 -0.145957
	0.405000 -0.124590
	0.410000 -0.102142
	0.415000 -0.079050
	0.420000 -0.056050
	0.425000 -0.033560
	0.430000 -0.011599
	0.435000 0.008611
	0.440000 0.027306
	0.445000 0.043685
	0.450000 0.057542
	0.455000 0.068264
	0.460000 0.075672
	0.465000 0.079564
	0.470000 0.080227
	0.475000 0.077090
	0.480000 0.070772
	0.485000 0.060863
	0.490000 0.047572
	0.495000 0.031121
	0.500000 0.012481
	0.505000 -0.008091
	0.510000 -0.029585
	0.515000 -0.052370
	0.520000 -0.075300
	0.525000 -0.098433
	0.530000 -0.120767
	0.535000 -0.141810
	0.540000 -0.161584
	0.545000 -0.179956
	0.550000 -0.196863
	0.555000 -0.212627
	0.560000 -0.226465
	0.565000 -0.238877
	0.570000 -0.249737
	0.575000 -0.259296
	0.580000 -0.267675
	0.585000 -0.274547
	0.590000 -0.280227
	0.595000 -0.284653
	0.600000 -0.287885
	0.605000 -0.290199
	0.610000 -0.291591
	0.615000 -0.291991
	0.620000 -0.291564
	0.625000 -0.290334
	0.630000 -0.288496
	0.635000 -0.286107
	0.640000 -0.283203
	0.645000 -0.279690
	0.650000 -0.275687
	0.655000 -0.271150
	0.660000 -0.266278
	0.665000 -0.261068
	0.670000 -0.255565
	0.675000 -0.249791
	0.680000 -0.243731
	0.685000 -0.237419
	0.690000 -0.231067
	0.695000 -0.224641
	0.700000 -0.218232
	0.705000 -0.211736
	0.710000 -0.205225
	0.715000 -0.198658
	0.720000 -0.192032
	0.725000 -0.185207
	0.730000 -0.178236
	0.735000 -0.171059
	0.740000 -0.163656
	0.745000 -0.156042
	0.750000 -0.148256
	0.755000 -0.140266
	0.760000 -0.131999
	0.765000 -0.123574
	0.770000 -0.115218
	0.775000 -0.106915
	0.780000 -0.098547
	0.785000 -0.090259
	0.790000 -0.081972
	0.795000 -0.073667
	0.800000 -0.065298
	0.805000 -0.057263
	0.810000 -0.049366
	0.815000 -0.041661
	0.820000 -0.034097
	0.825000 -0.026908
	0.830000 -0.019979
	0.835000 -0.013460
	0.840000 -0.007450
	0.845000 -0.002013
	0.850000 0.003107
	0.855000 0.007731
	0.860000 0.011917
	0.865000 0.015634
	0.870000 0.018957
	0.875000 0.021870
	0.880000 0.024465
	0.885000 0.026823
	0.890000 0.029023
	0.895000 0.031132
	0.900000 0.033221
	0.905000 0.035432
	0.910000 0.037761
	0.915000 0.040395
	0.920000 0.043322
	0.925000 0.046501
	0.930000 0.049936
	0.935000 0.053512
	0.940000 0.057238
	0.945000 0.061133
	0.950000 0.065218
	0.955000 0.069508
	0.960000 0.073746
	0.965000 0.077941
	0.970000 0.082095
	0.975000 0.086158
/baseTrajectory
/component
/trajectory

trajectory back
component
rotationAxis -1.000000 0.000000 0.000000
baseTrajectory
	0.000000 -0.052417
	0.005000 -0.049786
	0.010000 -0.046829
	0.015000 -0.043592
	0.020000 -0.040001
	0.025000 -0.036160
	0.030000 -0.032067
	0.035000 -0.027822
	0.040000 -0.023407
	0.045000 -0.018797
	0.050000 -0.013956
	0.055000 -0.009090
	0.060000 -0.004084
	0.065000 0.000991
	0.070000 0.006023
	0.075000 0.010982
	0.080000 0.015890
	0.085000 0.020631
	0.090000 0.025157
	0.095000 0.029349
	0.100000 0.033353
	0.105000 0.037001
	0.110000 0.040285
	0.115000 0.043249
	0.120000 0.045935
	0.125000 0.048296
	0.130000 0.050341
	0.135000 0.052109
	0.140000 0.053658
	0.145000 0.054938
	0.150000 0.056026
	0.155000 0.056940
	0.160000 0.057691
	0.165000 0.058234
	0.170000 0.058635
	0.175000 0.058950
	0.180000 0.059157
	0.185000 0.059260
	0.190000 0.059283
	0.195000 0.059207
	0.200000 0.059024
	0.205000 0.058702
	0.210000 0.058277
	0.215000 0.057738
	0.220000 0.057058
	0.225000 0.056246
	0.230000 0.055210
	0.235000 0.053967
	0.240000 0.052560
	0.245000 0.050990
	0.250000 0.049251
	0.255000 0.047342
	0.260000 0.045239
	0.265000 0.043011
	0.270000 0.040637
	0.275000 0.038156
	0.280000 0.035542
	0.285000 0.032781
	0.290000 0.029820
	0.295000 0.026834
	0.300000 0.023829
	0.305000 0.020752
	0.310000 0.017577
	0.315000 0.014276
	0.320000 0.011083
	0.325000 0.007976
	0.330000 0.004955
	0.335000 0.002118
	0.340000 -0.000658
	0.345000 -0.003377
	0.350000 -0.005958
	0.355000 -0.008440
	0.360000 -0.010744
	0.365000 -0.013035
	0.370000 -0.015277
	0.375000 -0.017527
	0.380000 -0.019743
	0.385000 -0.021919
	0.390000 -0.024151
	0.395000 -0.026322
	0.400000 -0.028455
	0.405000 -0.030556
	0.410000 -0.032618
	0.415000 -0.034626
	0.420000 -0.036497
	0.425000 -0.038268
	0.430000 -0.039963
	0.435000 -0.041417
	0.440000 -0.042780
	0.445000 -0.043951
	0.450000 -0.044950
	0.455000 -0.045796
	0.460000 -0.046466
	0.465000 -0.046970
	0.470000 -0.047348
	0.475000 -0.047536
	0.480000 -0.047627
	0.485000 -0.047528
	0.490000 -0.047273
	0.495000 -0.046873
	0.500000 -0.046268
	0.505000 -0.045519
	0.510000 -0.044660
	0.515000 -0.043591
	0.520000 -0.042429
	0.525000 -0.041148
	0.530000 -0.039781
	0.535000 -0.038375
	0.540000 -0.036830
	0.545000 -0.035256
	0.550000 -0.033589
	0.555000 -0.031809
	0.560000 -0.030042
	0.565000 -0.028167
	0.570000 -0.026125
	0.575000 -0.023958
	0.580000 -0.021605
	0.585000 -0.019190
	0.590000 -0.016600
	0.595000 -0.013848
	0.600000 -0.010970
	0.605000 -0.007918
	0.610000 -0.004808
	0.615000 -0.001645
	0.620000 0.001514
	0.625000 0.004636
	0.630000 0.007714
	0.635000 0.010658
	0.640000 0.013428
	0.645000 0.016105
	0.650000 0.018643
	0.655000 0.021156
	0.660000 0.023491
	0.665000 0.025710
	0.670000 0.027808
	0.675000 0.029802
	0.680000 0.031747
	0.685000 0.033627
	0.690000 0.035338
	0.695000 0.036918
	0.700000 0.038300
	0.705000 0.039577
	0.710000 0.040751
	0.715000 0.041811
	0.720000 0.042753
	0.725000 0.043488
	0.730000 0.044053
	0.735000 0.044493
	0.740000 0.044760
	0.745000 0.044866
	0.750000 0.044799
	0.755000 0.044557
	0.760000 0.044020
	0.765000 0.043228
	0.770000 0.042244
	0.775000 0.041053
	0.780000 0.039554
	0.785000 0.037853
	0.790000 0.035888
	0.795000 0.033608
	0.800000 0.031008
	0.805000 0.028387
	0.810000 0.025646
	0.815000 0.022742
	0.820000 0.019667
	0.825000 0.016538
	0.830000 0.013284
	0.835000 0.009931
	0.840000 0.006632
	0.845000 0.003294
	0.850000 -0.000296
	0.855000 -0.003996
	0.860000 -0.007678
	0.865000 -0.011368
	0.870000 -0.015062
	0.875000 -0.018742
	0.880000 -0.022334
	0.885000 -0.025921
	0.890000 -0.029369
	0.895000 -0.032594
	0.900000 -0.035650
	0.905000 -0.038602
	0.910000 -0.041370
	0.915000 -0.043912
	0.920000 -0.046235
	0.925000 -0.048287
	0.930000 -0.050071
	0.935000 -0.051530
	0.940000 -0.052692
	0.945000 -0.053585
	0.950000 -0.054161
	0.955000 -0.054468
	0.960000 -0.054501
	0.965000 -0.054264
	0.970000 -0.053803
	0.975000 -0.053128
/baseTrajectory
/component
component
rotationAxis 0.000000 1.000000 0.000000
baseTrajectory
	0.000000 0.066282
	0.005000 0.066258
	0.010000 0.066025
	0.015000 0.065589
	0.020000 0.064937
	0.025000 0.064100
	0.030000 0.063116
	0.035000 0.062000
	0.040000 0.060789
	0.045000 0.059480
	0.050000 0.058088
	0.055000 0.056653
	0.060000 0.055190
	0.065000 0.053728
	0.070000 0.052307
	0.075000 0.050940
	0.080000 0.049640
	0.085000 0.048417
	0.090000 0.047292
	0.095000 0.046262
	0.100000 0.045337
	0.105000 0.044505
	0.110000 0.043758
	0.115000 0.043077
	0.120000 0.042486
	0.125000 0.041983
	0.130000 0.041546
	0.135000 0.041175
	0.140000 0.040880
	0.145000 0.040648
	0.150000 0.040486
	0.155000 0.040399
	0.160000 0.040384
	0.165000 0.040410
	0.170000 0.040469
	0.175000 0.040575
	0.180000 0.040722
	0.185000 0.040899
	0.190000 0.041096
	0.195000 0.041301
	0.200000 0.041491
	0.205000 0.041635
	0.210000 0.041731
	0.215000 0.041766
	0.220000 0.041705
	0.225000 0.041540
	0.230000 0.041194
	0.235000 0.040668
	0.240000 0.039956
	0.245000 0.039042
	0.250000 0.037903
	0.255000 0.036548
	0.260000 0.034947
	0.265000 0.033143
	0.270000 0.031106
	0.275000 0.028826
	0.280000 0.026259
	0.285000 0.023427
	0.290000 0.020232
	0.295000 0.016798
	0.300000 0.013125
	0.305000 0.009178
	0.310000 0.004943
	0.315000 0.000394
	0.320000 -0.004255
	0.325000 -0.009001
	0.330000 -0.013853
	0.335000 -0.018699
	0.340000 -0.023622
	0.345000 -0.028622
	0.350000 -0.033672
	0.355000 -0.038808
	0.360000 -0.043967
	0.365000 -0.049249
	0.370000 -0.054597
	0.375000 -0.060080
	0.380000 -0.065580
	0.385000 -0.071075
	0.390000 -0.076646
	0.395000 -0.082089
	0.400000 -0.087397
	0.405000 -0.092531
	0.410000 -0.097502
	0.415000 -0.102317
	0.420000 -0.106820
	0.425000 -0.111053
	0.430000 -0.115024
	0.435000 -0.118557
	0.440000 -0.121838
	0.445000 -0.124764
	0.450000 -0.127323
	0.455000 -0.129670
	0.460000 -0.131747
	0.465000 -0.133662
	0.470000 -0.135473
	0.475000 -0.137194
	0.480000 -0.138908
	0.485000 -0.140564
	0.490000 -0.142222
	0.495000 -0.143923
	0.500000 -0.145374
	0.505000 -0.146639
	0.510000 -0.147652
	0.515000 -0.148413
	0.520000 -0.148890
	0.525000 -0.149083
	0.530000 -0.148999
	0.535000 -0.148650
	0.540000 -0.148040
	0.545000 -0.147314
	0.550000 -0.146469
	0.555000 -0.145541
	0.560000 -0.144533
	0.565000 -0.143467
	0.570000 -0.142349
	0.575000 -0.141206
	0.580000 -0.140043
	0.585000 -0.138870
	0.590000 -0.137701
	0.595000 -0.136551
	0.600000 -0.135426
	0.605000 -0.134328
	0.610000 -0.133270
	0.615000 -0.132238
	0.620000 -0.131222
	0.625000 -0.130220
	0.630000 -0.129218
	0.635000 -0.128219
	0.640000 -0.127202
	0.645000 -0.126146
	0.650000 -0.125058
	0.655000 -0.123902
	0.660000 -0.122711
	0.665000 -0.121486
	0.670000 -0.120220
	0.675000 -0.118914
	0.680000 -0.117550
	0.685000 -0.116134
	0.690000 -0.114694
	0.695000 -0.113219
	0.700000 -0.111726
	0.705000 -0.110175
	0.710000 -0.108577
	0.715000 -0.106910
	0.720000 -0.105163
	0.725000 -0.103199
	0.730000 -0.101043
	0.735000 -0.098687
	0.740000 -0.096112
	0.745000 -0.093323
	0.750000 -0.090337
	0.755000 -0.087144
	0.760000 -0.083649
	0.765000 -0.079910
	0.770000 -0.076135
	0.775000 -0.072306
	0.780000 -0.068324
	0.785000 -0.064261
	0.790000 -0.060082
	0.795000 -0.055730
	0.800000 -0.051193
	0.805000 -0.046748
	0.810000 -0.042315
	0.815000 -0.037813
	0.820000 -0.033230
	0.825000 -0.028684
	0.830000 -0.024124
	0.835000 -0.019545
	0.840000 -0.015086
	0.845000 -0.010695
	0.850000 -0.006144
	0.855000 -0.001512
	0.860000 0.003095
	0.865000 0.007682
	0.870000 0.012275
	0.875000 0.016855
	0.880000 0.021357
	0.885000 0.025846
	0.890000 0.030202
	0.895000 0.034315
	0.900000 0.038215
	0.905000 0.041978
	0.910000 0.045551
	0.915000 0.048865
	0.920000 0.051925
	0.925000 0.054688
	0.930000 0.057154
	0.935000 0.059336
	0.940000 0.061218
	0.945000 0.062805
	0.950000 0.064088
	0.955000 0.065089
	0.960000 0.065822
	0.965000 0.066280
	0.970000 0.066505
	0.975000 0.066502
/baseTrajectory
/component
component
rotationAxis 0.000000 0.000000 1.000000
baseTrajectory
	0.000000 0.058274
	0.005000 0.053909
	0.010000 0.049435
	0.015000 0.044914
	0.020000 0.040323
	0.025000 0.035639
	0.030000 0.030809
	0.035000 0.025823
	0.040000 0.020659
	0.045000 0.015295
	0.050000 0.009759
	0.055000 0.003988
	0.060000 -0.002053
	0.065000 -0.008314
	0.070000 -0.014878
	0.075000 -0.021703
	0.080000 -0.028754
	0.085000 -0.036055
	0.090000 -0.043529
	0.095000 -0.051149
	0.100000 -0.058856
	0.105000 -0.066584
	0.110000 -0.074281
	0.115000 -0.081850
	0.120000 -0.089231
	0.125000 -0.096319
	0.130000 -0.103024
	0.135000 -0.109333
	0.140000 -0.115185
	0.145000 -0.120542
	0.150000 -0.125376
	0.155000 -0.129696
	0.160000 -0.133469
	0.165000 -0.136693
	0.170000 -0.139423
	0.175000 -0.141732
	0.180000 -0.143598
	0.185000 -0.145051
	0.190000 -0.146110
	0.195000 -0.146813
	0.200000 -0.147146
	0.205000 -0.147185
	0.210000 -0.146985
	0.215000 -0.146584
	0.220000 -0.145924
	0.225000 -0.145090
	0.230000 -0.144107
	0.235000 -0.143041
	0.240000 -0.141910
	0.245000 -0.140765
	0.250000 -0.139598
	0.255000 -0.138445
	0.260000 -0.137306
	0.265000 -0.136274
	0.270000 -0.135324
	0.275000 -0.134474
	0.280000 -0.133707
	0.285000 -0.133075
	0.290000 -0.132569
	0.295000 -0.132246
	0.300000 -0.132090
	0.305000 -0.132117
	0.310000 -0.132302
	0.315000 -0.132674
	0.320000 -0.133284
	0.325000 -0.134138
	0.330000 -0.135198
	0.335000 -0.136501
	0.340000 -0.138007
	0.345000 -0.139709
	0.350000 -0.141608
	0.355000 -0.143683
	0.360000 -0.145918
	0.365000 -0.148270
	0.370000 -0.150721
	0.375000 -0.153248
	0.380000 -0.155836
	0.385000 -0.158463
	0.390000 -0.161071
	0.395000 -0.163657
	0.400000 -0.166171
	0.405000 -0.168578
	0.410000 -0.170835
	0.415000 -0.172891
	0.420000 -0.174730
	0.425000 -0.176301
	0.430000 -0.177558
	0.435000 -0.178529
	0.440000 -0.179119
	0.445000 -0.179359
	0.450000 -0.179238
	0.455000 -0.178661
	0.460000 -0.177678
	0.465000 -0.176238
	0.470000 -0.174342
	0.475000 -0.171982
	0.480000 -0.169145
	0.485000 -0.165903
	0.490000 -0.162243
	0.495000 -0.158174
	0.500000 -0.153866
	0.505000 -0.149306
	0.510000 -0.144556
	0.515000 -0.139633
	0.520000 -0.134615
	0.525000 -0.129514
	0.530000 -0.124306
	0.535000 -0.119026
	0.540000 -0.113686
	0.545000 -0.108235
	0.550000 -0.102663
	0.555000 -0.096975
	0.560000 -0.091170
	0.565000 -0.085214
	0.570000 -0.079102
	0.575000 -0.072878
	0.580000 -0.066528
	0.585000 -0.060053
	0.590000 -0.053452
	0.595000 -0.046768
	0.600000 -0.040049
	0.605000 -0.033321
	0.610000 -0.026699
	0.615000 -0.020164
	0.620000 -0.013780
	0.625000 -0.007591
	0.630000 -0.001664
	0.635000 0.003916
	0.640000 0.009131
	0.645000 0.014025
	0.650000 0.018523
	0.655000 0.022745
	0.660000 0.026510
	0.665000 0.029854
	0.670000 0.032777
	0.675000 0.035281
	0.680000 0.037436
	0.685000 0.039208
	0.690000 0.040530
	0.695000 0.041459
	0.700000 0.041942
	0.705000 0.042104
	0.710000 0.041965
	0.715000 0.041540
	0.720000 0.040856
	0.725000 0.039888
	0.730000 0.038703
	0.735000 0.037373
	0.740000 0.035930
	0.745000 0.034417
	0.750000 0.032864
	0.755000 0.031321
	0.760000 0.029791
	0.765000 0.028334
	0.770000 0.027029
	0.775000 0.025911
	0.780000 0.024972
	0.785000 0.024247
	0.790000 0.023743
	0.795000 0.023450
	0.800000 0.023352
	0.805000 0.023546
	0.810000 0.024002
	0.815000 0.024688
	0.820000 0.025588
	0.825000 0.026722
	0.830000 0.028068
	0.835000 0.029600
	0.840000 0.031359
	0.845000 0.033314
	0.850000 0.035379
	0.855000 0.037567
	0.860000 0.039890
	0.865000 0.042313
	0.870000 0.044821
	0.875000 0.047385
	0.880000 0.050009
	0.885000 0.052617
	0.890000 0.055198
	0.895000 0.057729
	0.900000 0.060161
	0.905000 0.062416
	0.910000 0.064484
	0.915000 0.066300
	0.920000 0.067838
	0.925000 0.069096
	0.930000 0.070046
	0.935000 0.070727
	0.940000 0.071036
	0.945000 0.070957
	0.950000 0.070478
	0.955000 0.069567
	0.960000 0.068259
	0.965000 0.066532
	0.970000 0.064316
	0.975000 0.061639
/baseTrajectory
/component
/trajectory

