trajectory pelvis
component
rotationAxis -1.000000 0.000000 0.000000
baseTrajectory
	0.000000 -0.026714
	0.005000 -0.027280
	0.010000 -0.027897
	0.015000 -0.028572
	0.020000 -0.029233
	0.025000 -0.030000
	0.030000 -0.030800
	0.035000 -0.031770
	0.040000 -0.032770
	0.045000 -0.033976
	0.050000 -0.035034
	0.055000 -0.036269
	0.060000 -0.037030
	0.065000 -0.039471
	0.070000 -0.041190
	0.075000 -0.043156
	0.080000 -0.045223
	0.085000 -0.046967
	0.090000 -0.049329
	0.095000 -0.050601
	0.100000 -0.053163
	0.105000 -0.054864
	0.110000 -0.056327
	0.115000 -0.056898
	0.120000 -0.058525
	0.125000 -0.059228
	0.130000 -0.059628
	0.135000 -0.059828
	0.140000 -0.059812
	0.145000 -0.059648
	0.150000 -0.059034
	0.155000 -0.059114
	0.160000 -0.058688
	0.165000 -0.058172
	0.170000 -0.058065
	0.175000 -0.058083
	0.180000 -0.058277
	0.185000 -0.058500
	0.190000 -0.058766
	0.195000 -0.059068
	0.200000 -0.059285
	0.205000 -0.059462
	0.210000 -0.059545
	0.215000 -0.059508
	0.220000 -0.059286
	0.225000 -0.058947
	0.230000 -0.058365
	0.235000 -0.057573
	0.240000 -0.056541
	0.245000 -0.055353
	0.250000 -0.053925
	0.255000 -0.052207
	0.260000 -0.049987
	0.265000 -0.047905
	0.270000 -0.045344
	0.275000 -0.042985
	0.280000 -0.041374
	0.285000 -0.038034
	0.290000 -0.036299
	0.295000 -0.032763
	0.300000 -0.030372
	0.305000 -0.028052
	0.310000 -0.025786
	0.315000 -0.023644
	0.320000 -0.022523
	0.325000 -0.019616
	0.330000 -0.018243
	0.335000 -0.016979
	0.340000 -0.014897
	0.345000 -0.013751
	0.350000 -0.011984
	0.355000 -0.009801
	0.360000 -0.008229
	0.365000 -0.006645
	0.370000 -0.004783
	0.375000 -0.003261
	0.380000 -0.000766
	0.385000 0.001443
	0.390000 0.003631
	0.395000 0.006056
	0.400000 0.008428
	0.405000 0.010729
	0.410000 0.012768
	0.415000 0.015578
	0.420000 0.017188
	0.425000 0.019584
	0.430000 0.021232
	0.435000 0.022215
	0.440000 0.023700
	0.445000 0.024970
	0.450000 0.025087
	0.455000 0.025023
	0.460000 0.023811
	0.465000 0.025026
	0.470000 0.023099
	0.475000 0.023346
	0.480000 0.021577
	0.485000 0.020290
	0.490000 0.018805
	0.495000 0.017111
	0.500000 0.015469
	0.505000 0.013726
	0.510000 0.012012
	0.515000 0.010382
	0.520000 0.008999
	0.525000 0.007226
	0.530000 0.007123
	0.535000 0.004838
	0.540000 0.004300
	0.545000 0.003478
	0.550000 0.003396
	0.555000 0.003047
	0.560000 0.002621
	0.565000 0.002308
	0.570000 0.001577
	0.575000 0.002342
	0.580000 0.001496
	0.585000 0.000932
	0.590000 0.000194
	0.595000 -0.001388
	0.600000 -0.002524
	0.605000 -0.003766
	0.610000 -0.005030
	0.615000 -0.006335
	0.620000 -0.007655
	0.625000 -0.008948
	0.630000 -0.010141
	0.635000 -0.011259
	0.640000 -0.011254
	0.645000 -0.013199
	0.650000 -0.013863
	0.655000 -0.014552
	0.660000 -0.014809
	0.665000 -0.015494
	0.670000 -0.016155
	0.675000 -0.016982
	0.680000 -0.017836
	0.685000 -0.018838
	0.690000 -0.018826
	0.695000 -0.021235
	0.700000 -0.021757
	0.705000 -0.024286
	0.710000 -0.024977
	0.715000 -0.027671
	0.720000 -0.028635
	0.725000 -0.030449
	0.730000 -0.032465
	0.735000 -0.035391
	0.740000 -0.036658
	0.745000 -0.038243
	0.750000 -0.039980
	0.755000 -0.040989
	0.760000 -0.042442
	0.765000 -0.043478
	0.770000 -0.043037
	0.775000 -0.044435
	0.780000 -0.043837
	0.785000 -0.043833
	0.790000 -0.043435
	0.795000 -0.043053
	0.800000 -0.042493
	0.805000 -0.041832
	0.810000 -0.041046
	0.815000 -0.040468
	0.820000 -0.039974
	0.825000 -0.038375
	0.830000 -0.037564
	0.835000 -0.036825
	0.840000 -0.036585
	0.845000 -0.035393
	0.850000 -0.034931
	0.855000 -0.034732
	0.860000 -0.034308
	0.865000 -0.033864
	0.870000 -0.033942
	0.875000 -0.033813
	0.880000 -0.033566
	0.885000 -0.033736
	0.890000 -0.033762
	0.895000 -0.033789
	0.900000 -0.033819
	0.905000 -0.033760
	0.910000 -0.033370
	0.915000 -0.032550
	0.920000 -0.032079
	0.925000 -0.031821
	0.930000 -0.030814
	0.935000 -0.029958
	0.940000 -0.029207
	0.945000 -0.028949
	0.950000 -0.027986
	0.955000 -0.027266
	0.960000 -0.026654
	0.965000 -0.026245
	0.970000 -0.026714
/baseTrajectory
/component
component
rotationAxis 0.000000 1.000000 0.000000
baseTrajectory
	0.000000 -0.042705
	0.005000 -0.044137
	0.010000 -0.045291
	0.015000 -0.046223
	0.020000 -0.046957
	0.025000 -0.047384
	0.030000 -0.047376
	0.035000 -0.047403
	0.040000 -0.046987
	0.045000 -0.046497
	0.050000 -0.045378
	0.055000 -0.044542
	0.060000 -0.042988
	0.065000 -0.042042
	0.070000 -0.040337
	0.075000 -0.038777
	0.080000 -0.037150
	0.085000 -0.035137
	0.090000 -0.033765
	0.095000 -0.031878
	0.100000 -0.030277
	0.105000 -0.028558
	0.110000 -0.026830
	0.115000 -0.024829
	0.120000 -0.023462
	0.125000 -0.021872
	0.130000 -0.020299
	0.135000 -0.018799
	0.140000 -0.017372
	0.145000 -0.016036
	0.150000 -0.014892
	0.155000 -0.013622
	0.160000 -0.012595
	0.165000 -0.011734
	0.170000 -0.010857
	0.175000 -0.010043
	0.180000 -0.009266
	0.185000 -0.008434
	0.190000 -0.007657
	0.195000 -0.006805
	0.200000 -0.005831
	0.205000 -0.004789
	0.210000 -0.003652
	0.215000 -0.002391
	0.220000 -0.001078
	0.225000 0.000464
	0.230000 0.002133
	0.235000 0.003889
	0.240000 0.005712
	0.245000 0.007429
	0.250000 0.009493
	0.255000 0.012582
	0.260000 0.015161
	0.265000 0.018368
	0.270000 0.021208
	0.275000 0.023979
	0.280000 0.027486
	0.285000 0.029688
	0.290000 0.033153
	0.295000 0.035247
	0.300000 0.037903
	0.305000 0.040480
	0.310000 0.042912
	0.315000 0.045278
	0.320000 0.048180
	0.325000 0.049621
	0.330000 0.051920
	0.335000 0.054696
	0.340000 0.056160
	0.345000 0.058949
	0.350000 0.061077
	0.355000 0.062644
	0.360000 0.064906
	0.365000 0.067426
	0.370000 0.069950
	0.375000 0.073182
	0.380000 0.075397
	0.385000 0.078666
	0.390000 0.081737
	0.395000 0.084964
	0.400000 0.088478
	0.405000 0.092270
	0.410000 0.096336
	0.415000 0.100061
	0.420000 0.104389
	0.425000 0.108273
	0.430000 0.112507
	0.435000 0.116918
	0.440000 0.120855
	0.445000 0.125097
	0.450000 0.129111
	0.455000 0.133084
	0.460000 0.137295
	0.465000 0.140754
	0.470000 0.144300
	0.475000 0.147146
	0.480000 0.150267
	0.485000 0.153107
	0.490000 0.155760
	0.495000 0.157591
	0.500000 0.159410
	0.505000 0.161344
	0.510000 0.162536
	0.515000 0.163369
	0.520000 0.163844
	0.525000 0.163988
	0.530000 0.164091
	0.535000 0.163678
	0.540000 0.163121
	0.545000 0.162602
	0.550000 0.162610
	0.555000 0.161855
	0.560000 0.161171
	0.565000 0.159950
	0.570000 0.159612
	0.575000 0.159130
	0.580000 0.158042
	0.585000 0.157480
	0.590000 0.156904
	0.595000 0.156645
	0.600000 0.156148
	0.605000 0.155782
	0.610000 0.155411
	0.615000 0.155058
	0.620000 0.154708
	0.625000 0.154324
	0.630000 0.153928
	0.635000 0.153447
	0.640000 0.153056
	0.645000 0.152428
	0.650000 0.151804
	0.655000 0.151133
	0.660000 0.150465
	0.665000 0.149661
	0.670000 0.148785
	0.675000 0.147862
	0.680000 0.146878
	0.685000 0.145845
	0.690000 0.144654
	0.695000 0.143624
	0.700000 0.142323
	0.705000 0.141135
	0.710000 0.139750
	0.715000 0.138377
	0.720000 0.136896
	0.725000 0.134673
	0.730000 0.132390
	0.735000 0.129986
	0.740000 0.127616
	0.745000 0.125047
	0.750000 0.122225
	0.755000 0.119856
	0.760000 0.117028
	0.765000 0.113928
	0.770000 0.110806
	0.775000 0.107898
	0.780000 0.105136
	0.785000 0.101444
	0.790000 0.098200
	0.795000 0.094752
	0.800000 0.091366
	0.805000 0.087765
	0.810000 0.084681
	0.815000 0.080600
	0.820000 0.076782
	0.825000 0.073734
	0.830000 0.070077
	0.835000 0.066443
	0.840000 0.062380
	0.845000 0.059250
	0.850000 0.055549
	0.855000 0.051656
	0.860000 0.048066
	0.865000 0.044676
	0.870000 0.040800
	0.875000 0.037078
	0.880000 0.033578
	0.885000 0.029623
	0.890000 0.025749
	0.895000 0.021828
	0.900000 0.017828
	0.905000 0.013736
	0.910000 0.009533
	0.915000 0.005736
	0.920000 0.001316
	0.925000 -0.003346
	0.930000 -0.007549
	0.935000 -0.012057
	0.940000 -0.016585
	0.945000 -0.021340
	0.950000 -0.025571
	0.955000 -0.029915
	0.960000 -0.034166
	0.965000 -0.038309
	0.970000 -0.042705
/baseTrajectory
/component
component
rotationAxis 0.000000 0.000000 1.000000
baseTrajectory
	0.000000 -0.045090
	0.005000 -0.040974
	0.010000 -0.036440
	0.015000 -0.031431
	0.020000 -0.025992
	0.025000 -0.020181
	0.030000 -0.014058
	0.035000 -0.007604
	0.040000 -0.000950
	0.045000 0.005869
	0.050000 0.012822
	0.055000 0.019932
	0.060000 0.027576
	0.065000 0.033917
	0.070000 0.040552
	0.075000 0.046998
	0.080000 0.053110
	0.085000 0.058875
	0.090000 0.064579
	0.095000 0.069649
	0.100000 0.074368
	0.105000 0.078657
	0.110000 0.082672
	0.115000 0.086456
	0.120000 0.089805
	0.125000 0.092710
	0.130000 0.095338
	0.135000 0.097681
	0.140000 0.099722
	0.145000 0.101382
	0.150000 0.103745
	0.155000 0.103836
	0.160000 0.104651
	0.165000 0.105491
	0.170000 0.105574
	0.175000 0.105386
	0.180000 0.104972
	0.185000 0.104355
	0.190000 0.103640
	0.195000 0.102730
	0.200000 0.101680
	0.205000 0.100504
	0.210000 0.099300
	0.215000 0.097991
	0.220000 0.096773
	0.225000 0.095338
	0.230000 0.093929
	0.235000 0.092599
	0.240000 0.091414
	0.245000 0.090559
	0.250000 0.089434
	0.255000 0.087927
	0.260000 0.087281
	0.265000 0.086010
	0.270000 0.085299
	0.275000 0.084907
	0.280000 0.083877
	0.285000 0.084182
	0.290000 0.083344
	0.295000 0.083580
	0.300000 0.083743
	0.305000 0.083970
	0.310000 0.084434
	0.315000 0.085019
	0.320000 0.085242
	0.325000 0.086712
	0.330000 0.087901
	0.335000 0.088598
	0.340000 0.090413
	0.345000 0.091445
	0.350000 0.092933
	0.355000 0.095061
	0.360000 0.097193
	0.365000 0.099265
	0.370000 0.101575
	0.375000 0.103950
	0.380000 0.106655
	0.385000 0.109311
	0.390000 0.112151
	0.395000 0.115034
	0.400000 0.117906
	0.405000 0.120623
	0.410000 0.123509
	0.415000 0.125763
	0.420000 0.128325
	0.425000 0.130141
	0.430000 0.131958
	0.435000 0.133704
	0.440000 0.134705
	0.445000 0.135588
	0.450000 0.136138
	0.455000 0.136560
	0.460000 0.136552
	0.465000 0.135735
	0.470000 0.135453
	0.475000 0.133590
	0.480000 0.132063
	0.485000 0.130105
	0.490000 0.127828
	0.495000 0.124999
	0.500000 0.121882
	0.505000 0.118582
	0.510000 0.114778
	0.515000 0.110676
	0.520000 0.106233
	0.525000 0.101629
	0.530000 0.096179
	0.535000 0.091768
	0.540000 0.086350
	0.545000 0.081146
	0.550000 0.075494
	0.555000 0.070215
	0.560000 0.065042
	0.565000 0.060302
	0.570000 0.055313
	0.575000 0.050555
	0.580000 0.045948
	0.585000 0.041491
	0.590000 0.037139
	0.595000 0.033774
	0.600000 0.029921
	0.605000 0.026454
	0.610000 0.023042
	0.615000 0.019762
	0.620000 0.016556
	0.625000 0.013380
	0.630000 0.010305
	0.635000 0.007220
	0.640000 0.003185
	0.645000 0.001395
	0.650000 -0.001278
	0.655000 -0.003894
	0.660000 -0.006669
	0.665000 -0.008822
	0.670000 -0.010603
	0.675000 -0.012113
	0.680000 -0.013312
	0.685000 -0.014219
	0.690000 -0.014259
	0.695000 -0.015202
	0.700000 -0.014679
	0.705000 -0.014913
	0.710000 -0.013847
	0.715000 -0.013492
	0.720000 -0.012047
	0.725000 -0.010644
	0.730000 -0.009076
	0.735000 -0.007377
	0.740000 -0.005307
	0.745000 -0.003302
	0.750000 -0.000498
	0.755000 0.001990
	0.760000 0.003880
	0.765000 0.005997
	0.770000 0.009253
	0.775000 0.010885
	0.780000 0.013935
	0.785000 0.016074
	0.790000 0.018142
	0.795000 0.019990
	0.800000 0.021652
	0.805000 0.023099
	0.810000 0.024425
	0.815000 0.025241
	0.820000 0.025788
	0.825000 0.026440
	0.830000 0.026632
	0.835000 0.026447
	0.840000 0.025852
	0.845000 0.025070
	0.850000 0.023906
	0.855000 0.022312
	0.860000 0.020413
	0.865000 0.018195
	0.870000 0.015515
	0.875000 0.012533
	0.880000 0.009431
	0.885000 0.005822
	0.890000 0.001965
	0.895000 -0.002038
	0.900000 -0.006237
	0.905000 -0.010543
	0.910000 -0.014767
	0.915000 -0.019096
	0.920000 -0.023288
	0.925000 -0.027410
	0.930000 -0.030990
	0.935000 -0.034251
	0.940000 -0.037140
	0.945000 -0.039753
	0.950000 -0.041669
	0.955000 -0.043161
	0.960000 -0.044157
	0.965000 -0.044770
	0.970000 -0.045090
/baseTrajectory
/component
/trajectory

trajectory rHip
component
rotationAxis -1.000000 0.000000 0.000000
baseTrajectory
	0.000000 -0.198856
	0.005000 -0.200501
	0.010000 -0.201368
	0.015000 -0.201374
	0.020000 -0.200612
	0.025000 -0.198911
	0.030000 -0.196363
	0.035000 -0.192627
	0.040000 -0.188037
	0.045000 -0.182182
	0.050000 -0.175630
	0.055000 -0.167694
	0.060000 -0.159298
	0.065000 -0.147847
	0.070000 -0.136296
	0.075000 -0.123259
	0.080000 -0.109059
	0.085000 -0.094388
	0.090000 -0.077617
	0.095000 -0.061616
	0.100000 -0.042996
	0.105000 -0.024834
	0.110000 -0.006337
	0.115000 0.011443
	0.120000 0.031235
	0.125000 0.050035
	0.130000 0.068682
	0.135000 0.087236
	0.140000 0.105605
	0.145000 0.123797
	0.150000 0.141600
	0.155000 0.159789
	0.160000 0.177440
	0.165000 0.194897
	0.170000 0.212568
	0.175000 0.230170
	0.180000 0.247751
	0.185000 0.265078
	0.190000 0.282177
	0.195000 0.299008
	0.200000 0.315330
	0.205000 0.331252
	0.210000 0.346680
	0.215000 0.361545
	0.220000 0.375814
	0.225000 0.389421
	0.230000 0.402329
	0.235000 0.414534
	0.240000 0.426032
	0.245000 0.436970
	0.250000 0.447015
	0.255000 0.456623
	0.260000 0.465444
	0.265000 0.473638
	0.270000 0.480944
	0.275000 0.488054
	0.280000 0.495212
	0.285000 0.500311
	0.290000 0.506225
	0.295000 0.509909
	0.300000 0.514264
	0.305000 0.518114
	0.310000 0.521479
	0.315000 0.524407
	0.320000 0.527726
	0.325000 0.528880
	0.330000 0.531015
	0.335000 0.532322
	0.340000 0.532678
	0.345000 0.532970
	0.350000 0.532223
	0.355000 0.530749
	0.360000 0.529396
	0.365000 0.527451
	0.370000 0.524896
	0.375000 0.522285
	0.380000 0.518648
	0.385000 0.514967
	0.390000 0.511282
	0.395000 0.507392
	0.400000 0.503546
	0.405000 0.499778
	0.410000 0.496599
	0.415000 0.492249
	0.420000 0.489749
	0.425000 0.486012
	0.430000 0.483320
	0.435000 0.481469
	0.440000 0.478686
	0.445000 0.476120
	0.450000 0.474740
	0.455000 0.473478
	0.460000 0.472879
	0.465000 0.469738
	0.470000 0.470294
	0.475000 0.467670
	0.480000 0.467497
	0.485000 0.466611
	0.490000 0.466176
	0.495000 0.466162
	0.500000 0.466205
	0.505000 0.466473
	0.510000 0.467031
	0.515000 0.467758
	0.520000 0.468498
	0.525000 0.470060
	0.530000 0.469538
	0.535000 0.472304
	0.540000 0.472671
	0.545000 0.473579
	0.550000 0.473161
	0.555000 0.473338
	0.560000 0.473371
	0.565000 0.473380
	0.570000 0.472983
	0.575000 0.470496
	0.580000 0.469913
	0.585000 0.468174
	0.590000 0.466188
	0.595000 0.464751
	0.600000 0.462252
	0.605000 0.459415
	0.610000 0.456059
	0.615000 0.452328
	0.620000 0.448112
	0.625000 0.443411
	0.630000 0.438189
	0.635000 0.432505
	0.640000 0.424865
	0.645000 0.419573
	0.650000 0.412260
	0.655000 0.404618
	0.660000 0.396054
	0.665000 0.387853
	0.670000 0.379363
	0.675000 0.370852
	0.680000 0.362135
	0.685000 0.353379
	0.690000 0.343273
	0.695000 0.335788
	0.700000 0.325927
	0.705000 0.318348
	0.710000 0.308413
	0.715000 0.300841
	0.720000 0.291043
	0.725000 0.281663
	0.730000 0.272519
	0.735000 0.264611
	0.740000 0.254473
	0.745000 0.244729
	0.750000 0.235637
	0.755000 0.225365
	0.760000 0.215579
	0.765000 0.205451
	0.770000 0.193686
	0.775000 0.184224
	0.780000 0.172533
	0.785000 0.161517
	0.790000 0.150144
	0.795000 0.138906
	0.800000 0.127543
	0.805000 0.116178
	0.810000 0.104852
	0.815000 0.093871
	0.820000 0.082973
	0.825000 0.070628
	0.830000 0.059594
	0.835000 0.048678
	0.840000 0.038591
	0.845000 0.027143
	0.850000 0.016823
	0.855000 0.007000
	0.860000 -0.003168
	0.865000 -0.013301
	0.870000 -0.022565
	0.875000 -0.032030
	0.880000 -0.041738
	0.885000 -0.050676
	0.890000 -0.059707
	0.895000 -0.068707
	0.900000 -0.077585
	0.905000 -0.086478
	0.910000 -0.095736
	0.915000 -0.105676
	0.920000 -0.114850
	0.925000 -0.123618
	0.930000 -0.133196
	0.935000 -0.142410
	0.940000 -0.151363
	0.945000 -0.159517
	0.950000 -0.168405
	0.955000 -0.176770
	0.960000 -0.184829
	0.965000 -0.192394
	0.970000 -0.198856
/baseTrajectory
/component
component
rotationAxis 0.000000 1.000000 0.000000
baseTrajectory
	0.000000 -0.211536
	0.005000 -0.215807
	0.010000 -0.220629
	0.015000 -0.225872
	0.020000 -0.231332
	0.025000 -0.236961
	0.030000 -0.242705
	0.035000 -0.247826
	0.040000 -0.252576
	0.045000 -0.256360
	0.050000 -0.259720
	0.055000 -0.261439
	0.060000 -0.263118
	0.065000 -0.260763
	0.070000 -0.258268
	0.075000 -0.253892
	0.080000 -0.247847
	0.085000 -0.240809
	0.090000 -0.231659
	0.095000 -0.221987
	0.100000 -0.210801
	0.105000 -0.199094
	0.110000 -0.187027
	0.115000 -0.175279
	0.120000 -0.162404
	0.125000 -0.150131
	0.130000 -0.138210
	0.135000 -0.126673
	0.140000 -0.115647
	0.145000 -0.105186
	0.150000 -0.095379
	0.155000 -0.086102
	0.160000 -0.077501
	0.165000 -0.069480
	0.170000 -0.062131
	0.175000 -0.055412
	0.180000 -0.049314
	0.185000 -0.043906
	0.190000 -0.039053
	0.195000 -0.034820
	0.200000 -0.031254
	0.205000 -0.028220
	0.210000 -0.025716
	0.215000 -0.023740
	0.220000 -0.022142
	0.225000 -0.021147
	0.230000 -0.020580
	0.235000 -0.020356
	0.240000 -0.020417
	0.245000 -0.020486
	0.250000 -0.021245
	0.255000 -0.022188
	0.260000 -0.022616
	0.265000 -0.024064
	0.270000 -0.025253
	0.275000 -0.026424
	0.280000 -0.028637
	0.285000 -0.029692
	0.290000 -0.032355
	0.295000 -0.033817
	0.300000 -0.036034
	0.305000 -0.038381
	0.310000 -0.040829
	0.315000 -0.043507
	0.320000 -0.046947
	0.325000 -0.049390
	0.330000 -0.052972
	0.335000 -0.057447
	0.340000 -0.061086
	0.345000 -0.066474
	0.350000 -0.071854
	0.355000 -0.077164
	0.360000 -0.084015
	0.365000 -0.091667
	0.370000 -0.100258
	0.375000 -0.110433
	0.380000 -0.120621
	0.385000 -0.132964
	0.390000 -0.145895
	0.395000 -0.160255
	0.400000 -0.175708
	0.405000 -0.192251
	0.410000 -0.209911
	0.415000 -0.226774
	0.420000 -0.245100
	0.425000 -0.261859
	0.430000 -0.278700
	0.435000 -0.294843
	0.440000 -0.308715
	0.445000 -0.321750
	0.450000 -0.332573
	0.455000 -0.341649
	0.460000 -0.347448
	0.465000 -0.353272
	0.470000 -0.356010
	0.475000 -0.356132
	0.480000 -0.354559
	0.485000 -0.351375
	0.490000 -0.347024
	0.495000 -0.340593
	0.500000 -0.333455
	0.505000 -0.325816
	0.510000 -0.316994
	0.515000 -0.307556
	0.520000 -0.297839
	0.525000 -0.288187
	0.530000 -0.279038
	0.535000 -0.269385
	0.540000 -0.260264
	0.545000 -0.252139
	0.550000 -0.245105
	0.555000 -0.238521
	0.560000 -0.232678
	0.565000 -0.227875
	0.570000 -0.223567
	0.575000 -0.221229
	0.580000 -0.218733
	0.585000 -0.217187
	0.590000 -0.216402
	0.595000 -0.216399
	0.600000 -0.216939
	0.605000 -0.218267
	0.610000 -0.219965
	0.615000 -0.222111
	0.620000 -0.224441
	0.625000 -0.226877
	0.630000 -0.229401
	0.635000 -0.231895
	0.640000 -0.234415
	0.645000 -0.236273
	0.650000 -0.238130
	0.655000 -0.239650
	0.660000 -0.240886
	0.665000 -0.241713
	0.670000 -0.242242
	0.675000 -0.242475
	0.680000 -0.242464
	0.685000 -0.242254
	0.690000 -0.241873
	0.695000 -0.241446
	0.700000 -0.240992
	0.705000 -0.240454
	0.710000 -0.240018
	0.715000 -0.239664
	0.720000 -0.239411
	0.725000 -0.239701
	0.730000 -0.240093
	0.735000 -0.240969
	0.740000 -0.241594
	0.745000 -0.242139
	0.750000 -0.243806
	0.755000 -0.245490
	0.760000 -0.245780
	0.765000 -0.246100
	0.770000 -0.247338
	0.775000 -0.248112
	0.780000 -0.250371
	0.785000 -0.250056
	0.790000 -0.250728
	0.795000 -0.250989
	0.800000 -0.251341
	0.805000 -0.251308
	0.810000 -0.252566
	0.815000 -0.251388
	0.820000 -0.250680
	0.825000 -0.251438
	0.830000 -0.251176
	0.835000 -0.250822
	0.840000 -0.249567
	0.845000 -0.249873
	0.850000 -0.249230
	0.855000 -0.248110
	0.860000 -0.247367
	0.865000 -0.246974
	0.870000 -0.245771
	0.875000 -0.244775
	0.880000 -0.243958
	0.885000 -0.242524
	0.890000 -0.241217
	0.895000 -0.239768
	0.900000 -0.238280
	0.905000 -0.236620
	0.910000 -0.234802
	0.915000 -0.233028
	0.920000 -0.230881
	0.925000 -0.228486
	0.930000 -0.226844
	0.935000 -0.224905
	0.940000 -0.222949
	0.945000 -0.220735
	0.950000 -0.219155
	0.955000 -0.217476
	0.960000 -0.215829
	0.965000 -0.214267
	0.970000 -0.211536
/baseTrajectory
/component
component
rotationAxis 0.000000 0.000000 1.000000
baseTrajectory
	0.000000 0.058636
	0.005000 0.049835
	0.010000 0.040377
	0.015000 0.030178
	0.020000 0.019314
	0.025000 0.007902
	0.030000 -0.003946
	0.035000 -0.016288
	0.040000 -0.028827
	0.045000 -0.041533
	0.050000 -0.054246
	0.055000 -0.067094
	0.060000 -0.080472
	0.065000 -0.091643
	0.070000 -0.102898
	0.075000 -0.113550
	0.080000 -0.123279
	0.085000 -0.132058
	0.090000 -0.140328
	0.095000 -0.147196
	0.100000 -0.153098
	0.105000 -0.157870
	0.110000 -0.161864
	0.115000 -0.165182
	0.120000 -0.167486
	0.125000 -0.168918
	0.130000 -0.169764
	0.135000 -0.170056
	0.140000 -0.169846
	0.145000 -0.169088
	0.150000 -0.169319
	0.155000 -0.166479
	0.160000 -0.164730
	0.165000 -0.163111
	0.170000 -0.160616
	0.175000 -0.157903
	0.180000 -0.155050
	0.185000 -0.152121
	0.190000 -0.149217
	0.195000 -0.146243
	0.200000 -0.143275
	0.205000 -0.140301
	0.210000 -0.137460
	0.215000 -0.134636
	0.220000 -0.132052
	0.225000 -0.129376
	0.230000 -0.126889
	0.235000 -0.124632
	0.240000 -0.122659
	0.245000 -0.121102
	0.250000 -0.119498
	0.255000 -0.117360
	0.260000 -0.116133
	0.265000 -0.114541
	0.270000 -0.113587
	0.275000 -0.113020
	0.280000 -0.112126
	0.285000 -0.112439
	0.290000 -0.112024
	0.295000 -0.112357
	0.300000 -0.112983
	0.305000 -0.113715
	0.310000 -0.114744
	0.315000 -0.115975
	0.320000 -0.117101
	0.325000 -0.119085
	0.330000 -0.121276
	0.335000 -0.123104
	0.340000 -0.125679
	0.345000 -0.127984
	0.350000 -0.130552
	0.355000 -0.133544
	0.360000 -0.137026
	0.365000 -0.140471
	0.370000 -0.144221
	0.375000 -0.148385
	0.380000 -0.152397
	0.385000 -0.156868
	0.390000 -0.161350
	0.395000 -0.165966
	0.400000 -0.170615
	0.405000 -0.175115
	0.410000 -0.179965
	0.415000 -0.183504
	0.420000 -0.187921
	0.425000 -0.190841
	0.430000 -0.193979
	0.435000 -0.197103
	0.440000 -0.198839
	0.445000 -0.200583
	0.450000 -0.201843
	0.455000 -0.202921
	0.460000 -0.203283
	0.465000 -0.202663
	0.470000 -0.202856
	0.475000 -0.200468
	0.480000 -0.198860
	0.485000 -0.196585
	0.490000 -0.194014
	0.495000 -0.190473
	0.500000 -0.186662
	0.505000 -0.182770
	0.510000 -0.178005
	0.515000 -0.172777
	0.520000 -0.167042
	0.525000 -0.161156
	0.530000 -0.154062
	0.535000 -0.148355
	0.540000 -0.141109
	0.545000 -0.134340
	0.550000 -0.127111
	0.555000 -0.120206
	0.560000 -0.113475
	0.565000 -0.107273
	0.570000 -0.100896
	0.575000 -0.094871
	0.580000 -0.088981
	0.585000 -0.083375
	0.590000 -0.077973
	0.595000 -0.074027
	0.600000 -0.069389
	0.605000 -0.065341
	0.610000 -0.061341
	0.615000 -0.057519
	0.620000 -0.053728
	0.625000 -0.049884
	0.630000 -0.046060
	0.635000 -0.042091
	0.640000 -0.036651
	0.645000 -0.034012
	0.650000 -0.029948
	0.655000 -0.025762
	0.660000 -0.021124
	0.665000 -0.017116
	0.670000 -0.013371
	0.675000 -0.009838
	0.680000 -0.006543
	0.685000 -0.003511
	0.690000 -0.001196
	0.695000 0.001741
	0.700000 0.003400
	0.705000 0.005568
	0.710000 0.006589
	0.715000 0.008047
	0.720000 0.008553
	0.725000 0.008643
	0.730000 0.008476
	0.735000 0.007818
	0.740000 0.007149
	0.745000 0.006487
	0.750000 0.004456
	0.755000 0.002989
	0.760000 0.002471
	0.765000 0.001679
	0.770000 -0.000532
	0.775000 -0.001043
	0.780000 -0.003338
	0.785000 -0.004157
	0.790000 -0.005122
	0.795000 -0.005832
	0.800000 -0.006423
	0.805000 -0.006771
	0.810000 -0.007299
	0.815000 -0.006961
	0.820000 -0.006475
	0.825000 -0.006207
	0.830000 -0.005538
	0.835000 -0.004504
	0.840000 -0.003068
	0.845000 -0.001500
	0.850000 0.000399
	0.855000 0.002715
	0.860000 0.005328
	0.865000 0.008193
	0.870000 0.011485
	0.875000 0.015054
	0.880000 0.018707
	0.885000 0.022797
	0.890000 0.027069
	0.895000 0.031436
	0.900000 0.035883
	0.905000 0.040329
	0.910000 0.044581
	0.915000 0.048967
	0.920000 0.052870
	0.925000 0.056469
	0.930000 0.059338
	0.935000 0.061590
	0.940000 0.063224
	0.945000 0.064290
	0.950000 0.064479
	0.955000 0.063959
	0.960000 0.062721
	0.965000 0.060885
	0.970000 0.058636
/baseTrajectory
/component
/trajectory

trajectory lHip
component
rotationAxis -1.000000 0.000000 0.000000
baseTrajectory
	0.000000 0.454391
	0.005000 0.451650
	0.010000 0.448909
	0.015000 0.446264
	0.020000 0.443906
	0.025000 0.441858
	0.030000 0.440080
	0.035000 0.438728
	0.040000 0.437670
	0.045000 0.437177
	0.050000 0.436634
	0.055000 0.436868
	0.060000 0.436334
	0.065000 0.437650
	0.070000 0.438399
	0.075000 0.439436
	0.080000 0.440570
	0.085000 0.441293
	0.090000 0.442399
	0.095000 0.442295
	0.100000 0.442890
	0.105000 0.442257
	0.110000 0.440905
	0.115000 0.438089
	0.120000 0.435684
	0.125000 0.431807
	0.130000 0.427020
	0.135000 0.421397
	0.140000 0.414962
	0.145000 0.407816
	0.150000 0.399286
	0.155000 0.391768
	0.160000 0.382905
	0.165000 0.373421
	0.170000 0.364214
	0.175000 0.354871
	0.180000 0.345474
	0.185000 0.335862
	0.190000 0.326053
	0.195000 0.316117
	0.200000 0.305925
	0.205000 0.295576
	0.210000 0.284973
	0.215000 0.274170
	0.220000 0.263058
	0.225000 0.251810
	0.230000 0.240276
	0.235000 0.228448
	0.240000 0.216297
	0.245000 0.203890
	0.250000 0.191258
	0.255000 0.178646
	0.260000 0.165227
	0.265000 0.152159
	0.270000 0.138395
	0.275000 0.124838
	0.280000 0.112647
	0.285000 0.097436
	0.290000 0.085066
	0.295000 0.069812
	0.300000 0.056137
	0.305000 0.042586
	0.310000 0.029108
	0.315000 0.015771
	0.320000 0.004200
	0.325000 -0.010575
	0.330000 -0.023172
	0.335000 -0.034860
	0.340000 -0.048471
	0.345000 -0.059933
	0.350000 -0.072427
	0.355000 -0.085912
	0.360000 -0.098264
	0.365000 -0.110578
	0.370000 -0.123045
	0.375000 -0.134655
	0.380000 -0.148123
	0.385000 -0.160693
	0.390000 -0.173272
	0.395000 -0.185965
	0.400000 -0.198384
	0.405000 -0.210583
	0.410000 -0.222042
	0.415000 -0.234673
	0.420000 -0.245155
	0.425000 -0.256806
	0.430000 -0.267035
	0.435000 -0.275954
	0.440000 -0.285548
	0.445000 -0.294234
	0.450000 -0.301381
	0.455000 -0.307627
	0.460000 -0.312957
	0.465000 -0.319632
	0.470000 -0.323367
	0.475000 -0.326861
	0.480000 -0.328860
	0.485000 -0.330805
	0.490000 -0.331862
	0.495000 -0.332183
	0.500000 -0.331791
	0.505000 -0.330482
	0.510000 -0.328605
	0.515000 -0.326025
	0.520000 -0.322942
	0.525000 -0.318858
	0.530000 -0.315470
	0.535000 -0.309386
	0.540000 -0.304134
	0.545000 -0.297784
	0.550000 -0.291282
	0.555000 -0.283856
	0.560000 -0.275483
	0.565000 -0.266639
	0.570000 -0.255984
	0.575000 -0.246623
	0.580000 -0.234091
	0.585000 -0.221074
	0.590000 -0.207021
	0.595000 -0.191416
	0.600000 -0.175416
	0.605000 -0.158683
	0.610000 -0.141284
	0.615000 -0.123283
	0.620000 -0.104799
	0.625000 -0.085951
	0.630000 -0.066921
	0.635000 -0.047721
	0.640000 -0.029396
	0.645000 -0.009310
	0.650000 0.009579
	0.655000 0.028485
	0.660000 0.046883
	0.665000 0.065551
	0.670000 0.083988
	0.675000 0.102405
	0.680000 0.120601
	0.685000 0.138705
	0.690000 0.155068
	0.695000 0.174488
	0.700000 0.190794
	0.705000 0.209607
	0.710000 0.225365
	0.715000 0.243513
	0.720000 0.258818
	0.725000 0.274550
	0.730000 0.290111
	0.735000 0.306346
	0.740000 0.320004
	0.745000 0.333579
	0.750000 0.346666
	0.755000 0.358489
	0.760000 0.370588
	0.765000 0.381611
	0.770000 0.389954
	0.775000 0.400616
	0.780000 0.407837
	0.785000 0.415578
	0.790000 0.422349
	0.795000 0.428660
	0.800000 0.434283
	0.805000 0.439280
	0.810000 0.443600
	0.815000 0.447717
	0.820000 0.451524
	0.825000 0.453359
	0.830000 0.455671
	0.835000 0.457595
	0.840000 0.459687
	0.845000 0.460082
	0.850000 0.460936
	0.855000 0.461757
	0.860000 0.461878
	0.865000 0.461579
	0.870000 0.461748
	0.875000 0.461373
	0.880000 0.460560
	0.885000 0.460300
	0.890000 0.459774
	0.895000 0.459229
	0.900000 0.458764
	0.905000 0.458272
	0.910000 0.457525
	0.915000 0.456801
	0.920000 0.456552
	0.925000 0.456867
	0.930000 0.456253
	0.935000 0.455983
	0.940000 0.455908
	0.945000 0.456507
	0.950000 0.455997
	0.955000 0.455607
	0.960000 0.455123
	0.965000 0.454658
	0.970000 0.454391
/baseTrajectory
/component
component
rotationAxis 0.000000 -1.000000 0.000000
baseTrajectory
	0.000000 -0.073810
	0.005000 -0.067529
	0.010000 -0.060753
	0.015000 -0.053976
	0.020000 -0.047921
	0.025000 -0.042297
	0.030000 -0.037139
	0.035000 -0.033280
	0.040000 -0.030146
	0.045000 -0.028490
	0.050000 -0.027173
	0.055000 -0.028538
	0.060000 -0.029858
	0.065000 -0.031307
	0.070000 -0.033748
	0.075000 -0.037265
	0.080000 -0.041495
	0.085000 -0.046279
	0.090000 -0.051268
	0.095000 -0.057211
	0.100000 -0.061421
	0.105000 -0.066109
	0.110000 -0.070471
	0.115000 -0.074579
	0.120000 -0.077430
	0.125000 -0.080169
	0.130000 -0.082210
	0.135000 -0.083600
	0.140000 -0.084375
	0.145000 -0.084563
	0.150000 -0.083949
	0.155000 -0.083181
	0.160000 -0.081916
	0.165000 -0.080164
	0.170000 -0.078023
	0.175000 -0.075620
	0.180000 -0.072887
	0.185000 -0.069655
	0.190000 -0.066206
	0.195000 -0.062316
	0.200000 -0.058197
	0.205000 -0.053801
	0.210000 -0.049174
	0.215000 -0.044391
	0.220000 -0.039535
	0.225000 -0.034520
	0.230000 -0.029491
	0.235000 -0.024460
	0.240000 -0.019409
	0.245000 -0.014510
	0.250000 -0.009384
	0.255000 -0.004302
	0.260000 0.000451
	0.265000 0.005597
	0.270000 0.010447
	0.275000 0.015361
	0.280000 0.020290
	0.285000 0.025473
	0.290000 0.030391
	0.295000 0.034987
	0.300000 0.040082
	0.305000 0.045120
	0.310000 0.049906
	0.315000 0.054686
	0.320000 0.059155
	0.325000 0.063651
	0.330000 0.068971
	0.335000 0.072677
	0.340000 0.076821
	0.345000 0.080229
	0.350000 0.083101
	0.355000 0.086201
	0.360000 0.089387
	0.365000 0.092305
	0.370000 0.094779
	0.375000 0.097037
	0.380000 0.099205
	0.385000 0.101408
	0.390000 0.103391
	0.395000 0.105189
	0.400000 0.106884
	0.405000 0.108707
	0.410000 0.110041
	0.415000 0.111865
	0.420000 0.113116
	0.425000 0.114815
	0.430000 0.116283
	0.435000 0.117441
	0.440000 0.118842
	0.445000 0.120097
	0.450000 0.121282
	0.455000 0.121739
	0.460000 0.124878
	0.465000 0.124370
	0.470000 0.126656
	0.475000 0.122220
	0.480000 0.121814
	0.485000 0.120904
	0.490000 0.119604
	0.495000 0.117012
	0.500000 0.114229
	0.505000 0.111539
	0.510000 0.107743
	0.515000 0.103205
	0.520000 0.098025
	0.525000 0.092949
	0.530000 0.086562
	0.535000 0.081722
	0.540000 0.075745
	0.545000 0.070299
	0.550000 0.065611
	0.555000 0.060968
	0.560000 0.057053
	0.565000 0.053622
	0.570000 0.051262
	0.575000 0.050067
	0.580000 0.047944
	0.585000 0.047394
	0.590000 0.047466
	0.595000 0.049312
	0.600000 0.050893
	0.605000 0.053236
	0.610000 0.055906
	0.615000 0.058862
	0.620000 0.062022
	0.625000 0.065230
	0.630000 0.068466
	0.635000 0.071484
	0.640000 0.074162
	0.645000 0.077318
	0.650000 0.079875
	0.655000 0.082176
	0.660000 0.084236
	0.665000 0.086019
	0.670000 0.087493
	0.675000 0.088754
	0.680000 0.089725
	0.685000 0.090415
	0.690000 0.090742
	0.695000 0.090983
	0.700000 0.090725
	0.705000 0.090415
	0.710000 0.089673
	0.715000 0.088768
	0.720000 0.087509
	0.725000 0.086225
	0.730000 0.084680
	0.735000 0.082877
	0.740000 0.081037
	0.745000 0.078977
	0.750000 0.076348
	0.755000 0.074442
	0.760000 0.072065
	0.765000 0.069446
	0.770000 0.066857
	0.775000 0.064777
	0.780000 0.063034
	0.785000 0.060435
	0.790000 0.058652
	0.795000 0.056953
	0.800000 0.055609
	0.805000 0.054386
	0.810000 0.054149
	0.815000 0.053165
	0.820000 0.052606
	0.825000 0.053169
	0.830000 0.053491
	0.835000 0.054072
	0.840000 0.054403
	0.845000 0.056026
	0.850000 0.057098
	0.855000 0.057963
	0.860000 0.059229
	0.865000 0.060772
	0.870000 0.061354
	0.875000 0.061949
	0.880000 0.062528
	0.885000 0.061786
	0.890000 0.060572
	0.895000 0.058515
	0.900000 0.055446
	0.905000 0.051288
	0.910000 0.045766
	0.915000 0.038596
	0.920000 0.029958
	0.925000 0.019652
	0.930000 0.009306
	0.935000 -0.002317
	0.940000 -0.014400
	0.945000 -0.026979
	0.950000 -0.038386
	0.955000 -0.049304
	0.960000 -0.059218
	0.965000 -0.067901
	0.970000 -0.073810
/baseTrajectory
/component
component
rotationAxis 0.000000 0.000000 -1.000000
baseTrajectory
	0.000000 -0.053027
	0.005000 -0.048140
	0.010000 -0.042611
	0.015000 -0.036411
	0.020000 -0.029635
	0.025000 -0.022292
	0.030000 -0.014398
	0.035000 -0.006188
	0.040000 0.002415
	0.045000 0.011139
	0.050000 0.020241
	0.055000 0.029194
	0.060000 0.038971
	0.065000 0.047030
	0.070000 0.055566
	0.075000 0.063656
	0.080000 0.071223
	0.085000 0.078368
	0.090000 0.085160
	0.095000 0.091185
	0.100000 0.096888
	0.105000 0.102023
	0.110000 0.106858
	0.115000 0.111523
	0.120000 0.115704
	0.125000 0.119478
	0.130000 0.123061
	0.135000 0.126438
	0.140000 0.129591
	0.145000 0.132423
	0.150000 0.136211
	0.155000 0.137450
	0.160000 0.139590
	0.165000 0.141840
	0.170000 0.143292
	0.175000 0.144460
	0.180000 0.145412
	0.185000 0.146214
	0.190000 0.146906
	0.195000 0.147431
	0.200000 0.147813
	0.205000 0.148052
	0.210000 0.148250
	0.215000 0.148299
	0.220000 0.148395
	0.225000 0.148206
	0.230000 0.147978
	0.235000 0.147754
	0.240000 0.147601
	0.245000 0.147701
	0.250000 0.147437
	0.255000 0.146830
	0.260000 0.147029
	0.265000 0.146463
	0.270000 0.146374
	0.275000 0.146545
	0.280000 0.145900
	0.285000 0.146621
	0.290000 0.145973
	0.295000 0.146318
	0.300000 0.146595
	0.305000 0.146838
	0.310000 0.147243
	0.315000 0.147713
	0.320000 0.147719
	0.325000 0.148996
	0.330000 0.150046
	0.335000 0.150307
	0.340000 0.151833
	0.345000 0.152357
	0.350000 0.153304
	0.355000 0.154905
	0.360000 0.156493
	0.365000 0.157849
	0.370000 0.159368
	0.375000 0.160816
	0.380000 0.162514
	0.385000 0.163940
	0.390000 0.165446
	0.395000 0.166810
	0.400000 0.167960
	0.405000 0.168695
	0.410000 0.169447
	0.415000 0.169225
	0.420000 0.169251
	0.425000 0.168210
	0.430000 0.167052
	0.435000 0.165734
	0.440000 0.163467
	0.445000 0.160916
	0.450000 0.158142
	0.455000 0.155191
	0.460000 0.151878
	0.465000 0.147368
	0.470000 0.144005
	0.475000 0.138574
	0.480000 0.133897
	0.485000 0.128756
	0.490000 0.123406
	0.495000 0.117712
	0.500000 0.111756
	0.505000 0.105648
	0.510000 0.099215
	0.515000 0.092560
	0.520000 0.085605
	0.525000 0.078731
	0.530000 0.070510
	0.535000 0.064276
	0.540000 0.056561
	0.545000 0.049215
	0.550000 0.041143
	0.555000 0.033929
	0.560000 0.026984
	0.565000 0.020918
	0.570000 0.014483
	0.575000 0.008488
	0.580000 0.003151
	0.585000 -0.001864
	0.590000 -0.006427
	0.595000 -0.009280
	0.600000 -0.012468
	0.605000 -0.014849
	0.610000 -0.016829
	0.615000 -0.018349
	0.620000 -0.019485
	0.625000 -0.020336
	0.630000 -0.020869
	0.635000 -0.021275
	0.640000 -0.022999
	0.645000 -0.021323
	0.650000 -0.021035
	0.655000 -0.020666
	0.660000 -0.020609
	0.665000 -0.019756
	0.670000 -0.018544
	0.675000 -0.017048
	0.680000 -0.015279
	0.685000 -0.013259
	0.690000 -0.010490
	0.695000 -0.008533
	0.700000 -0.005274
	0.705000 -0.002708
	0.710000 0.000983
	0.715000 0.003975
	0.720000 0.007880
	0.725000 0.011513
	0.730000 0.015220
	0.735000 0.019067
	0.740000 0.023037
	0.745000 0.026838
	0.750000 0.031394
	0.755000 0.035631
	0.760000 0.038873
	0.765000 0.042158
	0.770000 0.046627
	0.775000 0.049400
	0.780000 0.053794
	0.785000 0.056518
	0.790000 0.059386
	0.795000 0.061851
	0.800000 0.064101
	0.805000 0.065944
	0.810000 0.067959
	0.815000 0.068747
	0.820000 0.069288
	0.825000 0.070139
	0.830000 0.070205
	0.835000 0.069732
	0.840000 0.068501
	0.845000 0.067359
	0.850000 0.065396
	0.855000 0.062697
	0.860000 0.059649
	0.865000 0.056243
	0.870000 0.051886
	0.875000 0.047105
	0.880000 0.042197
	0.885000 0.036326
	0.890000 0.030107
	0.895000 0.023608
	0.900000 0.016786
	0.905000 0.009764
	0.910000 0.002732
	0.915000 -0.004377
	0.920000 -0.011455
	0.925000 -0.018474
	0.930000 -0.024565
	0.935000 -0.030310
	0.940000 -0.035505
	0.945000 -0.040341
	0.950000 -0.044043
	0.955000 -0.047182
	0.960000 -0.049639
	0.965000 -0.051549
	0.970000 -0.053027
/baseTrajectory
/component
/trajectory

trajectory lKnee
component
rotationAxis -1.000000 0.000000 0.000000
baseTrajectory
	0.000000 -0.054959
	0.005000 -0.058378
	0.010000 -0.062524
	0.015000 -0.067413
	0.020000 -0.073390
	0.025000 -0.080126
	0.030000 -0.087576
	0.035000 -0.095752
	0.040000 -0.104595
	0.045000 -0.114248
	0.050000 -0.124235
	0.055000 -0.135523
	0.060000 -0.146425
	0.065000 -0.157788
	0.070000 -0.169645
	0.075000 -0.181847
	0.080000 -0.194283
	0.085000 -0.206883
	0.090000 -0.219133
	0.095000 -0.231656
	0.100000 -0.242983
	0.105000 -0.253988
	0.110000 -0.264251
	0.115000 -0.273744
	0.120000 -0.281801
	0.125000 -0.289089
	0.130000 -0.295287
	0.135000 -0.300295
	0.140000 -0.304160
	0.145000 -0.306936
	0.150000 -0.307765
	0.155000 -0.309302
	0.160000 -0.309074
	0.165000 -0.307699
	0.170000 -0.305963
	0.175000 -0.303604
	0.180000 -0.300664
	0.185000 -0.297172
	0.190000 -0.293126
	0.195000 -0.288693
	0.200000 -0.283920
	0.205000 -0.278886
	0.210000 -0.273532
	0.215000 -0.268042
	0.220000 -0.262317
	0.225000 -0.256651
	0.230000 -0.250932
	0.235000 -0.245117
	0.240000 -0.239189
	0.245000 -0.233101
	0.250000 -0.227181
	0.255000 -0.221445
	0.260000 -0.215156
	0.265000 -0.209357
	0.270000 -0.203216
	0.275000 -0.197064
	0.280000 -0.192058
	0.285000 -0.184804
	0.290000 -0.179749
	0.295000 -0.172832
	0.300000 -0.166641
	0.305000 -0.160558
	0.310000 -0.154529
	0.315000 -0.148542
	0.320000 -0.143847
	0.325000 -0.136738
	0.330000 -0.130760
	0.335000 -0.126262
	0.340000 -0.119874
	0.345000 -0.115700
	0.350000 -0.110925
	0.355000 -0.105212
	0.360000 -0.100581
	0.365000 -0.096179
	0.370000 -0.092165
	0.375000 -0.089268
	0.380000 -0.084950
	0.385000 -0.081973
	0.390000 -0.079065
	0.395000 -0.076584
	0.400000 -0.074649
	0.405000 -0.073115
	0.410000 -0.072581
	0.415000 -0.071318
	0.420000 -0.071858
	0.425000 -0.071610
	0.430000 -0.072570
	0.435000 -0.074631
	0.440000 -0.076186
	0.445000 -0.078970
	0.450000 -0.082151
	0.455000 -0.086522
	0.460000 -0.090207
	0.465000 -0.095837
	0.470000 -0.100718
	0.475000 -0.109642
	0.480000 -0.117465
	0.485000 -0.126053
	0.490000 -0.135665
	0.495000 -0.145809
	0.500000 -0.157157
	0.505000 -0.169803
	0.510000 -0.183122
	0.515000 -0.197569
	0.520000 -0.213079
	0.525000 -0.229331
	0.530000 -0.246976
	0.535000 -0.265334
	0.540000 -0.284846
	0.545000 -0.305451
	0.550000 -0.327121
	0.555000 -0.349571
	0.560000 -0.373033
	0.565000 -0.397116
	0.570000 -0.422859
	0.575000 -0.448466
	0.580000 -0.476155
	0.585000 -0.504478
	0.590000 -0.533603
	0.595000 -0.563333
	0.600000 -0.593806
	0.605000 -0.624638
	0.610000 -0.655851
	0.615000 -0.687256
	0.620000 -0.718664
	0.625000 -0.749894
	0.630000 -0.780717
	0.635000 -0.811011
	0.640000 -0.840635
	0.645000 -0.869052
	0.650000 -0.896448
	0.655000 -0.922621
	0.660000 -0.947409
	0.665000 -0.970663
	0.670000 -0.992285
	0.675000 -1.012220
	0.680000 -1.030374
	0.685000 -1.046722
	0.690000 -1.060809
	0.695000 -1.073881
	0.700000 -1.084186
	0.705000 -1.093425
	0.710000 -1.099919
	0.715000 -1.105309
	0.720000 -1.108122
	0.725000 -1.109413
	0.730000 -1.108961
	0.735000 -1.106980
	0.740000 -1.102847
	0.745000 -1.097078
	0.750000 -1.089530
	0.755000 -1.080365
	0.760000 -1.070063
	0.765000 -1.058132
	0.770000 -1.043873
	0.775000 -1.029458
	0.780000 -1.012525
	0.785000 -0.994818
	0.790000 -0.975778
	0.795000 -0.955519
	0.800000 -0.934055
	0.805000 -0.911410
	0.810000 -0.887580
	0.815000 -0.862693
	0.820000 -0.836966
	0.825000 -0.809706
	0.830000 -0.781666
	0.835000 -0.752715
	0.840000 -0.723030
	0.845000 -0.692213
	0.850000 -0.660808
	0.855000 -0.628860
	0.860000 -0.596257
	0.865000 -0.563129
	0.870000 -0.529935
	0.875000 -0.496478
	0.880000 -0.462818
	0.885000 -0.429637
	0.890000 -0.396738
	0.895000 -0.364373
	0.900000 -0.332782
	0.905000 -0.302107
	0.910000 -0.272570
	0.915000 -0.245014
	0.920000 -0.218865
	0.925000 -0.194724
	0.930000 -0.171850
	0.935000 -0.151014
	0.940000 -0.132104
	0.945000 -0.115361
	0.950000 -0.099894
	0.955000 -0.086253
	0.960000 -0.074363
	0.965000 -0.064250
	0.970000 -0.054959
/baseTrajectory
/component
/trajectory

trajectory lAnkle
component
rotationAxis -0.979126 0.174022 0.105014
baseTrajectory
	0.000000 0.005345
	0.005000 -0.009807
	0.010000 -0.026785
	0.015000 -0.045277
	0.020000 -0.064728
	0.025000 -0.084857
	0.030000 -0.105122
	0.035000 -0.124589
	0.040000 -0.142886
	0.045000 -0.159097
	0.050000 -0.173155
	0.055000 -0.183368
	0.060000 -0.190989
	0.065000 -0.196151
	0.070000 -0.198151
	0.075000 -0.196422
	0.080000 -0.191448
	0.085000 -0.183098
	0.090000 -0.173767
	0.095000 -0.160449
	0.100000 -0.148412
	0.105000 -0.134148
	0.110000 -0.119459
	0.115000 -0.103781
	0.120000 -0.090162
	0.125000 -0.075998
	0.130000 -0.062448
	0.135000 -0.049846
	0.140000 -0.038186
	0.145000 -0.027477
	0.150000 -0.018797
	0.155000 -0.009146
	0.160000 -0.001239
	0.165000 0.005564
	0.170000 0.011940
	0.175000 0.017687
	0.180000 0.022847
	0.185000 0.027406
	0.190000 0.031611
	0.195000 0.035426
	0.200000 0.038936
	0.205000 0.042289
	0.210000 0.045355
	0.215000 0.048407
	0.220000 0.051188
	0.225000 0.054308
	0.230000 0.057449
	0.235000 0.060535
	0.240000 0.063511
	0.245000 0.066183
	0.250000 0.069349
	0.255000 0.073736
	0.260000 0.077200
	0.265000 0.081595
	0.270000 0.085494
	0.275000 0.089212
	0.280000 0.094429
	0.285000 0.096961
	0.290000 0.102115
	0.295000 0.104980
	0.300000 0.108636
	0.305000 0.112431
	0.310000 0.116027
	0.315000 0.119680
	0.320000 0.124906
	0.325000 0.127021
	0.330000 0.130350
	0.335000 0.134931
	0.340000 0.137726
	0.345000 0.142407
	0.350000 0.146683
	0.355000 0.149882
	0.360000 0.153612
	0.365000 0.157802
	0.370000 0.162007
	0.375000 0.166497
	0.380000 0.170594
	0.385000 0.174978
	0.390000 0.179359
	0.395000 0.183709
	0.400000 0.188032
	0.405000 0.192435
	0.410000 0.196680
	0.415000 0.200659
	0.420000 0.204734
	0.425000 0.208341
	0.430000 0.211835
	0.435000 0.215183
	0.440000 0.217895
	0.445000 0.220500
	0.450000 0.222623
	0.455000 0.224278
	0.460000 0.224570
	0.465000 0.226559
	0.470000 0.224610
	0.475000 0.226900
	0.480000 0.226356
	0.485000 0.224680
	0.490000 0.222735
	0.495000 0.219403
	0.500000 0.215422
	0.505000 0.210730
	0.510000 0.204470
	0.515000 0.196798
	0.520000 0.187688
	0.525000 0.177017
	0.530000 0.164540
	0.535000 0.149819
	0.540000 0.133237
	0.545000 0.114704
	0.550000 0.094463
	0.555000 0.071962
	0.560000 0.047784
	0.565000 0.021813
	0.570000 -0.004415
	0.575000 -0.032738
	0.580000 -0.059948
	0.585000 -0.087045
	0.590000 -0.113335
	0.595000 -0.138379
	0.600000 -0.161127
	0.605000 -0.182069
	0.610000 -0.200275
	0.615000 -0.215771
	0.620000 -0.228301
	0.625000 -0.237859
	0.630000 -0.244581
	0.635000 -0.248507
	0.640000 -0.248967
	0.645000 -0.248646
	0.650000 -0.245564
	0.655000 -0.240645
	0.660000 -0.233980
	0.665000 -0.226432
	0.670000 -0.218084
	0.675000 -0.209135
	0.680000 -0.199691
	0.685000 -0.190002
	0.690000 -0.179414
	0.695000 -0.170264
	0.700000 -0.159828
	0.705000 -0.150338
	0.710000 -0.140177
	0.715000 -0.130545
	0.720000 -0.120503
	0.725000 -0.111302
	0.730000 -0.102119
	0.735000 -0.093200
	0.740000 -0.083990
	0.745000 -0.074851
	0.750000 -0.066616
	0.755000 -0.057955
	0.760000 -0.048750
	0.765000 -0.039883
	0.770000 -0.033807
	0.775000 -0.024914
	0.780000 -0.019418
	0.785000 -0.013050
	0.790000 -0.007226
	0.795000 -0.002005
	0.800000 0.002672
	0.805000 0.006877
	0.810000 0.010563
	0.815000 0.013769
	0.820000 0.017402
	0.825000 0.018437
	0.830000 0.020226
	0.835000 0.021647
	0.840000 0.023033
	0.845000 0.023509
	0.850000 0.023827
	0.855000 0.023652
	0.860000 0.023271
	0.865000 0.022815
	0.870000 0.021533
	0.875000 0.020206
	0.880000 0.018973
	0.885000 0.016972
	0.890000 0.014961
	0.895000 0.012891
	0.900000 0.010752
	0.905000 0.008577
	0.910000 0.006736
	0.915000 0.007045
	0.920000 0.006405
	0.925000 0.006516
	0.930000 0.006237
	0.935000 0.006588
	0.940000 0.007175
	0.945000 0.008130
	0.950000 0.008380
	0.955000 0.008561
	0.960000 0.008508
	0.965000 0.008168
	0.970000 0.005345
/baseTrajectory
/component
/trajectory

trajectory lSubtalar
component
rotationAxis 0.120949 -0.604747 -0.787180
baseTrajectory
	0.000000 -0.087870
	0.005000 -0.103424
	0.010000 -0.119887
	0.015000 -0.136901
	0.020000 -0.153866
	0.025000 -0.170484
	0.030000 -0.186291
	0.035000 -0.200620
	0.040000 -0.213257
	0.045000 -0.223506
	0.050000 -0.231553
	0.055000 -0.235762
	0.060000 -0.236904
	0.065000 -0.240219
	0.070000 -0.239643
	0.075000 -0.236366
	0.080000 -0.230324
	0.085000 -0.219784
	0.090000 -0.213001
	0.095000 -0.198577
	0.100000 -0.190942
	0.105000 -0.179416
	0.110000 -0.167877
	0.115000 -0.154166
	0.120000 -0.146800
	0.125000 -0.137239
	0.130000 -0.128481
	0.135000 -0.120889
	0.140000 -0.114370
	0.145000 -0.108805
	0.150000 -0.105607
	0.155000 -0.101393
	0.160000 -0.098659
	0.165000 -0.097281
	0.170000 -0.096352
	0.175000 -0.095883
	0.180000 -0.096014
	0.185000 -0.096917
	0.190000 -0.098348
	0.195000 -0.100304
	0.200000 -0.102624
	0.205000 -0.105095
	0.210000 -0.107810
	0.215000 -0.110493
	0.220000 -0.113297
	0.225000 -0.115691
	0.230000 -0.117861
	0.235000 -0.119922
	0.240000 -0.122034
	0.245000 -0.124574
	0.250000 -0.126323
	0.255000 -0.126299
	0.260000 -0.127885
	0.265000 -0.127790
	0.270000 -0.128566
	0.275000 -0.130148
	0.280000 -0.129631
	0.285000 -0.132648
	0.290000 -0.132190
	0.295000 -0.133620
	0.300000 -0.135630
	0.305000 -0.137539
	0.310000 -0.139650
	0.315000 -0.141949
	0.320000 -0.143031
	0.325000 -0.146757
	0.330000 -0.151856
	0.335000 -0.151929
	0.340000 -0.156089
	0.345000 -0.156161
	0.350000 -0.156831
	0.355000 -0.158559
	0.360000 -0.161009
	0.365000 -0.161163
	0.370000 -0.161270
	0.375000 -0.160865
	0.380000 -0.160018
	0.385000 -0.158698
	0.390000 -0.156778
	0.395000 -0.154197
	0.400000 -0.150997
	0.405000 -0.147124
	0.410000 -0.142668
	0.415000 -0.137582
	0.420000 -0.131960
	0.425000 -0.125887
	0.430000 -0.119363
	0.435000 -0.112273
	0.440000 -0.105204
	0.445000 -0.098072
	0.450000 -0.089948
	0.455000 -0.081242
	0.460000 -0.076712
	0.465000 -0.066862
	0.470000 -0.061597
	0.475000 -0.045157
	0.480000 -0.035598
	0.485000 -0.026131
	0.490000 -0.016774
	0.495000 -0.005900
	0.500000 0.004461
	0.505000 0.014074
	0.510000 0.024526
	0.515000 0.035246
	0.520000 0.046082
	0.525000 0.055950
	0.530000 0.068157
	0.535000 0.075100
	0.540000 0.083909
	0.545000 0.091503
	0.550000 0.099379
	0.555000 0.104619
	0.560000 0.108391
	0.565000 0.108604
	0.570000 0.110385
	0.575000 0.108432
	0.580000 0.105704
	0.585000 0.101905
	0.590000 0.096448
	0.595000 0.088468
	0.600000 0.079377
	0.605000 0.068910
	0.610000 0.057557
	0.615000 0.045301
	0.620000 0.032458
	0.625000 0.019173
	0.630000 0.005553
	0.635000 -0.008124
	0.640000 -0.020325
	0.645000 -0.035280
	0.650000 -0.048241
	0.655000 -0.060596
	0.660000 -0.071790
	0.665000 -0.082664
	0.670000 -0.092629
	0.675000 -0.101720
	0.680000 -0.109720
	0.685000 -0.116660
	0.690000 -0.122701
	0.695000 -0.127536
	0.700000 -0.132156
	0.705000 -0.135087
	0.710000 -0.138763
	0.715000 -0.140562
	0.720000 -0.143772
	0.725000 -0.147285
	0.730000 -0.150635
	0.735000 -0.153040
	0.740000 -0.157459
	0.745000 -0.161959
	0.750000 -0.167661
	0.755000 -0.173810
	0.760000 -0.178897
	0.765000 -0.184915
	0.770000 -0.193892
	0.775000 -0.199675
	0.780000 -0.209442
	0.785000 -0.216048
	0.790000 -0.223577
	0.795000 -0.230396
	0.800000 -0.236936
	0.805000 -0.242759
	0.810000 -0.249243
	0.815000 -0.252801
	0.820000 -0.256325
	0.825000 -0.259812
	0.830000 -0.262260
	0.835000 -0.263753
	0.840000 -0.264308
	0.845000 -0.264762
	0.850000 -0.264460
	0.855000 -0.263476
	0.860000 -0.262258
	0.865000 -0.261079
	0.870000 -0.259273
	0.875000 -0.257327
	0.880000 -0.255486
	0.885000 -0.253036
	0.890000 -0.250206
	0.895000 -0.246903
	0.900000 -0.242985
	0.905000 -0.238289
	0.910000 -0.232398
	0.915000 -0.221051
	0.920000 -0.210794
	0.925000 -0.198371
	0.930000 -0.185923
	0.935000 -0.171935
	0.940000 -0.157177
	0.945000 -0.141820
	0.950000 -0.127633
	0.955000 -0.114338
	0.960000 -0.102305
	0.965000 -0.091669
	0.970000 -0.087870
/baseTrajectory
/component
/trajectory

trajectory rKnee
component
rotationAxis -1.000000 0.000000 0.000000
baseTrajectory
	0.000000 -0.272979
	0.005000 -0.286611
	0.010000 -0.301341
	0.015000 -0.317281
	0.020000 -0.334313
	0.025000 -0.352485
	0.030000 -0.371744
	0.035000 -0.392302
	0.040000 -0.413828
	0.045000 -0.436602
	0.050000 -0.460340
	0.055000 -0.485401
	0.060000 -0.511667
	0.065000 -0.538713
	0.070000 -0.566654
	0.075000 -0.595703
	0.080000 -0.625525
	0.085000 -0.655810
	0.090000 -0.687277
	0.095000 -0.718458
	0.100000 -0.750431
	0.105000 -0.782043
	0.110000 -0.813522
	0.115000 -0.844382
	0.120000 -0.875110
	0.125000 -0.904714
	0.130000 -0.933343
	0.135000 -0.960839
	0.140000 -0.987048
	0.145000 -1.011835
	0.150000 -1.035355
	0.155000 -1.056845
	0.160000 -1.076887
	0.165000 -1.095279
	0.170000 -1.111892
	0.175000 -1.126751
	0.180000 -1.139882
	0.185000 -1.151249
	0.190000 -1.160827
	0.195000 -1.168677
	0.200000 -1.174701
	0.205000 -1.179003
	0.210000 -1.181608
	0.215000 -1.182511
	0.220000 -1.181821
	0.225000 -1.179442
	0.230000 -1.175546
	0.235000 -1.170135
	0.240000 -1.163308
	0.245000 -1.155206
	0.250000 -1.145553
	0.255000 -1.133444
	0.260000 -1.120419
	0.265000 -1.105742
	0.270000 -1.090066
	0.275000 -1.073338
	0.280000 -1.055139
	0.285000 -1.036188
	0.290000 -1.015630
	0.295000 -0.994195
	0.300000 -0.971750
	0.305000 -0.948176
	0.310000 -0.923582
	0.315000 -0.897945
	0.320000 -0.871105
	0.325000 -0.843783
	0.330000 -0.815402
	0.335000 -0.785650
	0.340000 -0.755734
	0.345000 -0.724444
	0.350000 -0.692713
	0.355000 -0.660808
	0.360000 -0.628528
	0.365000 -0.595884
	0.370000 -0.563332
	0.375000 -0.530948
	0.380000 -0.499278
	0.385000 -0.468218
	0.390000 -0.438138
	0.395000 -0.409449
	0.400000 -0.382154
	0.405000 -0.356406
	0.410000 -0.332919
	0.415000 -0.310365
	0.420000 -0.290834
	0.425000 -0.272321
	0.430000 -0.256320
	0.435000 -0.242619
	0.440000 -0.230075
	0.445000 -0.219732
	0.450000 -0.211210
	0.455000 -0.204626
	0.460000 -0.198856
	0.465000 -0.195387
	0.470000 -0.194134
	0.475000 -0.192868
	0.480000 -0.193857
	0.485000 -0.195965
	0.490000 -0.199856
	0.495000 -0.204997
	0.500000 -0.211478
	0.505000 -0.219170
	0.510000 -0.227963
	0.515000 -0.237804
	0.520000 -0.248613
	0.525000 -0.260509
	0.530000 -0.272300
	0.535000 -0.286026
	0.540000 -0.298897
	0.545000 -0.312553
	0.550000 -0.325524
	0.555000 -0.338996
	0.560000 -0.352232
	0.565000 -0.365769
	0.570000 -0.377860
	0.575000 -0.389285
	0.580000 -0.400737
	0.585000 -0.410811
	0.590000 -0.420104
	0.595000 -0.429034
	0.600000 -0.436696
	0.605000 -0.443612
	0.610000 -0.449470
	0.615000 -0.454533
	0.620000 -0.458611
	0.625000 -0.461752
	0.630000 -0.464063
	0.635000 -0.465532
	0.640000 -0.465215
	0.645000 -0.465893
	0.650000 -0.464993
	0.655000 -0.463285
	0.660000 -0.460510
	0.665000 -0.457574
	0.670000 -0.454128
	0.675000 -0.450236
	0.680000 -0.445859
	0.685000 -0.441059
	0.690000 -0.435965
	0.695000 -0.430401
	0.700000 -0.424616
	0.705000 -0.418638
	0.710000 -0.412343
	0.715000 -0.406078
	0.720000 -0.399415
	0.725000 -0.393601
	0.730000 -0.387790
	0.735000 -0.382513
	0.740000 -0.376383
	0.745000 -0.370262
	0.750000 -0.365496
	0.755000 -0.359741
	0.760000 -0.353621
	0.765000 -0.347778
	0.770000 -0.342337
	0.775000 -0.336856
	0.780000 -0.331884
	0.785000 -0.326450
	0.790000 -0.321219
	0.795000 -0.316143
	0.800000 -0.311178
	0.805000 -0.306372
	0.810000 -0.302013
	0.815000 -0.297602
	0.820000 -0.293198
	0.825000 -0.288505
	0.830000 -0.284560
	0.835000 -0.280658
	0.840000 -0.277236
	0.845000 -0.273291
	0.850000 -0.269929
	0.855000 -0.266952
	0.860000 -0.263814
	0.865000 -0.260820
	0.870000 -0.258395
	0.875000 -0.256074
	0.880000 -0.253629
	0.885000 -0.251823
	0.890000 -0.250247
	0.895000 -0.248841
	0.900000 -0.247802
	0.905000 -0.247084
	0.910000 -0.246532
	0.915000 -0.245746
	0.920000 -0.245901
	0.925000 -0.246583
	0.930000 -0.247505
	0.935000 -0.249009
	0.940000 -0.250970
	0.945000 -0.253573
	0.950000 -0.256396
	0.955000 -0.259822
	0.960000 -0.263721
	0.965000 -0.268191
	0.970000 -0.272979
/baseTrajectory
/component
/trajectory

trajectory rAnkle
component
rotationAxis -0.979126 -0.174022 -0.105014
baseTrajectory
	0.000000 0.286399
	0.005000 0.274558
	0.010000 0.261085
	0.015000 0.245978
	0.020000 0.229140
	0.025000 0.210520
	0.030000 0.190074
	0.035000 0.167932
	0.040000 0.143902
	0.045000 0.118385
	0.050000 0.091395
	0.055000 0.063645
	0.060000 0.035433
	0.065000 0.005353
	0.070000 -0.024592
	0.075000 -0.054140
	0.080000 -0.083206
	0.085000 -0.111651
	0.090000 -0.137763
	0.095000 -0.162955
	0.100000 -0.186063
	0.105000 -0.207212
	0.110000 -0.225670
	0.115000 -0.241491
	0.120000 -0.254487
	0.125000 -0.265075
	0.130000 -0.272648
	0.135000 -0.277416
	0.140000 -0.279526
	0.145000 -0.279160
	0.150000 -0.276083
	0.155000 -0.271448
	0.160000 -0.264751
	0.165000 -0.256623
	0.170000 -0.247067
	0.175000 -0.236498
	0.180000 -0.225003
	0.185000 -0.212561
	0.190000 -0.200200
	0.195000 -0.187584
	0.200000 -0.175151
	0.205000 -0.163096
	0.210000 -0.151353
	0.215000 -0.140217
	0.220000 -0.129457
	0.225000 -0.119491
	0.230000 -0.109965
	0.235000 -0.100819
	0.240000 -0.091889
	0.245000 -0.082884
	0.250000 -0.074774
	0.255000 -0.067167
	0.260000 -0.058154
	0.265000 -0.051056
	0.270000 -0.043040
	0.275000 -0.034882
	0.280000 -0.028455
	0.285000 -0.020371
	0.290000 -0.014974
	0.295000 -0.008650
	0.300000 -0.002630
	0.305000 0.002839
	0.310000 0.007843
	0.315000 0.012393
	0.320000 0.015453
	0.325000 0.020069
	0.330000 0.022922
	0.335000 0.024540
	0.340000 0.027211
	0.345000 0.028090
	0.350000 0.029062
	0.355000 0.031073
	0.360000 0.031713
	0.365000 0.032567
	0.370000 0.033357
	0.375000 0.033675
	0.380000 0.035503
	0.385000 0.036949
	0.390000 0.038822
	0.395000 0.041406
	0.400000 0.044382
	0.405000 0.047456
	0.410000 0.051538
	0.415000 0.055314
	0.420000 0.059371
	0.425000 0.063294
	0.430000 0.067002
	0.435000 0.070261
	0.440000 0.072944
	0.445000 0.074926
	0.450000 0.075794
	0.455000 0.075325
	0.460000 0.072315
	0.465000 0.070853
	0.470000 0.065602
	0.475000 0.059774
	0.480000 0.051571
	0.485000 0.041839
	0.490000 0.030330
	0.495000 0.017262
	0.500000 0.002889
	0.505000 -0.012700
	0.510000 -0.029063
	0.515000 -0.045506
	0.520000 -0.061493
	0.525000 -0.077537
	0.530000 -0.091345
	0.535000 -0.103593
	0.540000 -0.114592
	0.545000 -0.122547
	0.550000 -0.128158
	0.555000 -0.131588
	0.560000 -0.132065
	0.565000 -0.129050
	0.570000 -0.124898
	0.575000 -0.118150
	0.580000 -0.110871
	0.585000 -0.101929
	0.590000 -0.091996
	0.595000 -0.080449
	0.600000 -0.068490
	0.605000 -0.056371
	0.610000 -0.044268
	0.615000 -0.032340
	0.620000 -0.020674
	0.625000 -0.009495
	0.630000 0.001258
	0.635000 0.011331
	0.640000 0.019685
	0.645000 0.029778
	0.650000 0.038178
	0.655000 0.045919
	0.660000 0.052386
	0.665000 0.058948
	0.670000 0.065066
	0.675000 0.070832
	0.680000 0.076204
	0.685000 0.081218
	0.690000 0.086428
	0.695000 0.090385
	0.700000 0.094941
	0.705000 0.098783
	0.710000 0.102859
	0.715000 0.106717
	0.720000 0.110470
	0.725000 0.113690
	0.730000 0.116930
	0.735000 0.121177
	0.740000 0.124003
	0.745000 0.127024
	0.750000 0.132809
	0.755000 0.136190
	0.760000 0.138884
	0.765000 0.141992
	0.770000 0.147089
	0.775000 0.149847
	0.780000 0.154870
	0.785000 0.158860
	0.790000 0.162722
	0.795000 0.166665
	0.800000 0.170611
	0.805000 0.174640
	0.810000 0.178942
	0.815000 0.183006
	0.820000 0.187222
	0.825000 0.191061
	0.830000 0.195533
	0.835000 0.199852
	0.840000 0.204923
	0.845000 0.208657
	0.850000 0.213144
	0.855000 0.218310
	0.860000 0.222814
	0.865000 0.226815
	0.870000 0.231948
	0.875000 0.236555
	0.880000 0.240502
	0.885000 0.245361
	0.890000 0.249876
	0.895000 0.254228
	0.900000 0.258473
	0.905000 0.262608
	0.910000 0.266415
	0.915000 0.269267
	0.920000 0.272596
	0.925000 0.275597
	0.930000 0.278578
	0.935000 0.281143
	0.940000 0.283329
	0.945000 0.284967
	0.950000 0.286455
	0.955000 0.287348
	0.960000 0.287693
	0.965000 0.287452
	0.970000 0.286399
/baseTrajectory
/component
/trajectory

trajectory rSubtalar
component
rotationAxis 0.120949 0.604747 0.787180
baseTrajectory
	0.000000 -0.101523
	0.005000 -0.097319
	0.010000 -0.093006
	0.015000 -0.088798
	0.020000 -0.084834
	0.025000 -0.081432
	0.030000 -0.078953
	0.035000 -0.077534
	0.040000 -0.077612
	0.045000 -0.079484
	0.050000 -0.083214
	0.055000 -0.088469
	0.060000 -0.094223
	0.065000 -0.106019
	0.070000 -0.118661
	0.075000 -0.133332
	0.080000 -0.150131
	0.085000 -0.168420
	0.090000 -0.187113
	0.095000 -0.207571
	0.100000 -0.227753
	0.105000 -0.248832
	0.110000 -0.269154
	0.115000 -0.289109
	0.120000 -0.307286
	0.125000 -0.325674
	0.130000 -0.342425
	0.135000 -0.357715
	0.140000 -0.371531
	0.145000 -0.383821
	0.150000 -0.392962
	0.155000 -0.403170
	0.160000 -0.410345
	0.165000 -0.415801
	0.170000 -0.419953
	0.175000 -0.422524
	0.180000 -0.423290
	0.185000 -0.422126
	0.190000 -0.420129
	0.195000 -0.416838
	0.200000 -0.412975
	0.205000 -0.408685
	0.210000 -0.403886
	0.215000 -0.399229
	0.220000 -0.394423
	0.225000 -0.390154
	0.230000 -0.385980
	0.235000 -0.381933
	0.240000 -0.377896
	0.245000 -0.373849
	0.250000 -0.370209
	0.255000 -0.368060
	0.260000 -0.364339
	0.265000 -0.361892
	0.270000 -0.358195
	0.275000 -0.354184
	0.280000 -0.352273
	0.285000 -0.344879
	0.290000 -0.342224
	0.295000 -0.335181
	0.300000 -0.328993
	0.305000 -0.322795
	0.310000 -0.316229
	0.315000 -0.309469
	0.320000 -0.304207
	0.325000 -0.295360
	0.330000 -0.287545
	0.335000 -0.282699
	0.340000 -0.274050
	0.345000 -0.269197
	0.350000 -0.262979
	0.355000 -0.255449
	0.360000 -0.247575
	0.365000 -0.240911
	0.370000 -0.232909
	0.375000 -0.225241
	0.380000 -0.213786
	0.385000 -0.202630
	0.390000 -0.189060
	0.395000 -0.173177
	0.400000 -0.155930
	0.405000 -0.137101
	0.410000 -0.115540
	0.415000 -0.095645
	0.420000 -0.071844
	0.425000 -0.050525
	0.430000 -0.028225
	0.435000 -0.006420
	0.440000 0.012011
	0.445000 0.028478
	0.450000 0.043241
	0.455000 0.054613
	0.460000 0.057472
	0.465000 0.063796
	0.470000 0.063603
	0.475000 0.057552
	0.480000 0.047830
	0.485000 0.034837
	0.490000 0.017985
	0.495000 -0.002104
	0.500000 -0.024991
	0.505000 -0.049978
	0.510000 -0.076738
	0.515000 -0.104433
	0.520000 -0.132484
	0.525000 -0.159816
	0.530000 -0.186545
	0.535000 -0.210430
	0.540000 -0.234375
	0.545000 -0.254569
	0.550000 -0.274507
	0.555000 -0.289988
	0.560000 -0.303270
	0.565000 -0.310738
	0.570000 -0.321309
	0.575000 -0.325181
	0.580000 -0.329800
	0.585000 -0.333254
	0.590000 -0.335206
	0.595000 -0.334980
	0.600000 -0.333773
	0.605000 -0.331281
	0.610000 -0.328214
	0.615000 -0.324578
	0.620000 -0.320693
	0.625000 -0.316710
	0.630000 -0.312666
	0.635000 -0.308880
	0.640000 -0.306276
	0.645000 -0.302141
	0.650000 -0.298885
	0.655000 -0.296345
	0.660000 -0.294206
	0.665000 -0.292412
	0.670000 -0.290816
	0.675000 -0.289380
	0.680000 -0.288151
	0.685000 -0.287048
	0.690000 -0.286598
	0.695000 -0.284976
	0.700000 -0.284369
	0.705000 -0.282642
	0.710000 -0.281787
	0.715000 -0.279472
	0.720000 -0.278195
	0.725000 -0.275325
	0.730000 -0.272022
	0.735000 -0.265960
	0.740000 -0.263035
	0.745000 -0.259492
	0.750000 -0.249691
	0.755000 -0.244073
	0.760000 -0.241250
	0.765000 -0.237333
	0.770000 -0.228678
	0.775000 -0.225030
	0.780000 -0.215554
	0.785000 -0.210485
	0.790000 -0.204831
	0.795000 -0.199483
	0.800000 -0.194176
	0.805000 -0.189245
	0.810000 -0.183027
	0.815000 -0.179255
	0.820000 -0.175820
	0.825000 -0.170864
	0.830000 -0.166645
	0.835000 -0.162982
	0.840000 -0.160358
	0.845000 -0.156769
	0.850000 -0.153892
	0.855000 -0.151721
	0.860000 -0.149488
	0.865000 -0.147226
	0.870000 -0.145516
	0.875000 -0.143897
	0.880000 -0.142420
	0.885000 -0.141069
	0.890000 -0.139840
	0.895000 -0.138644
	0.900000 -0.137481
	0.905000 -0.136256
	0.910000 -0.135038
	0.915000 -0.134893
	0.920000 -0.133533
	0.925000 -0.131760
	0.930000 -0.129658
	0.935000 -0.127093
	0.940000 -0.124168
	0.945000 -0.120751
	0.950000 -0.117247
	0.955000 -0.113329
	0.960000 -0.109193
	0.965000 -0.104846
	0.970000 -0.101523
/baseTrajectory
/component
/trajectory

