trajectory pelvis
component
translationAxis -1.000000 0.000000 0.000000
baseTrajectory
	0.000000 0.273170
	0.005000 0.272375
	0.010000 0.271517
	0.015000 0.270592
	0.020000 0.269617
	0.025000 0.268589
	0.030000 0.267512
	0.035000 0.266396
	0.040000 0.265251
	0.045000 0.264085
	0.050000 0.262907
	0.055000 0.261726
	0.060000 0.260493
	0.065000 0.259374
	0.070000 0.258235
	0.075000 0.257142
	0.080000 0.256107
	0.085000 0.255120
	0.090000 0.254209
	0.095000 0.253362
	0.100000 0.252574
	0.105000 0.251850
	0.110000 0.251187
	0.115000 0.250572
	0.120000 0.250012
	0.125000 0.249499
	0.130000 0.249017
	0.135000 0.248576
	0.140000 0.248149
	0.145000 0.247751
	0.150000 0.247368
	0.155000 0.246995
	0.160000 0.246633
	0.165000 0.246264
	0.170000 0.245923
	0.175000 0.245590
	0.180000 0.245263
	0.185000 0.244925
	0.190000 0.244576
	0.195000 0.244243
	0.200000 0.243898
	0.205000 0.243558
	0.210000 0.243221
	0.215000 0.242887
	0.220000 0.242554
	0.225000 0.242227
	0.230000 0.241901
	0.235000 0.241586
	0.240000 0.241274
	0.245000 0.240962
	0.250000 0.240661
	0.255000 0.240351
	0.260000 0.240054
	0.265000 0.239756
	0.270000 0.239447
	0.275000 0.239179
	0.280000 0.238901
	0.285000 0.238625
	0.290000 0.238354
	0.295000 0.238082
	0.300000 0.237838
	0.305000 0.237595
	0.310000 0.237359
	0.315000 0.237121
	0.320000 0.236904
	0.325000 0.236679
	0.330000 0.236477
	0.335000 0.236279
	0.340000 0.236077
	0.345000 0.235894
	0.350000 0.235682
	0.355000 0.235521
	0.360000 0.235352
	0.365000 0.235179
	0.370000 0.235012
	0.375000 0.234854
	0.380000 0.234699
	0.385000 0.234552
	0.390000 0.234395
	0.395000 0.234300
	0.400000 0.234194
	0.405000 0.234114
	0.410000 0.234021
	0.415000 0.233987
	0.420000 0.234018
	0.425000 0.234036
	0.430000 0.234092
	0.435000 0.234167
	0.440000 0.234254
	0.445000 0.234408
	0.450000 0.234541
	0.455000 0.234710
	0.460000 0.234883
	0.465000 0.235062
	0.470000 0.235299
	0.475000 0.235465
	0.480000 0.235784
	0.485000 0.236036
	0.490000 0.236337
	0.495000 0.236655
	0.500000 0.237011
	0.505000 0.237399
	0.510000 0.237828
	0.515000 0.238294
	0.520000 0.238800
	0.525000 0.239339
	0.530000 0.239931
	0.535000 0.240507
	0.540000 0.241141
	0.545000 0.241772
	0.550000 0.242423
	0.555000 0.243084
	0.560000 0.243724
	0.565000 0.244360
	0.570000 0.244976
	0.575000 0.245575
	0.580000 0.246155
	0.585000 0.246715
	0.590000 0.247246
	0.595000 0.247712
	0.600000 0.248135
	0.605000 0.248595
	0.610000 0.248917
	0.615000 0.249235
	0.620000 0.249573
	0.625000 0.249875
	0.630000 0.250156
	0.635000 0.250447
	0.640000 0.250700
	0.645000 0.250963
	0.650000 0.251229
	0.655000 0.251523
	0.660000 0.251773
	0.665000 0.252043
	0.670000 0.252332
	0.675000 0.252613
	0.680000 0.252891
	0.685000 0.253168
	0.690000 0.253428
	0.695000 0.253718
	0.700000 0.253984
	0.705000 0.254248
	0.710000 0.254505
	0.715000 0.254740
	0.720000 0.254998
	0.725000 0.255222
	0.730000 0.255459
	0.735000 0.255682
	0.740000 0.255895
	0.745000 0.256095
	0.750000 0.256269
	0.755000 0.256468
	0.760000 0.256628
	0.765000 0.256823
	0.770000 0.256957
	0.775000 0.257142
	0.780000 0.257216
	0.785000 0.257351
	0.790000 0.257474
	0.795000 0.257578
	0.800000 0.257710
	0.805000 0.257806
	0.810000 0.257876
	0.815000 0.257931
	0.820000 0.257976
	0.825000 0.258042
	0.830000 0.258036
	0.835000 0.258087
	0.840000 0.258092
	0.845000 0.258075
	0.850000 0.258102
	0.855000 0.258097
	0.860000 0.258086
	0.865000 0.258082
	0.870000 0.258077
	0.875000 0.258075
	0.880000 0.258060
	0.885000 0.258066
	0.890000 0.258060
	0.895000 0.258058
	0.900000 0.258031
	0.905000 0.258025
	0.910000 0.258000
	0.915000 0.257958
	0.920000 0.257886
	0.925000 0.257794
	0.930000 0.257666
	0.935000 0.257520
	0.940000 0.257309
	0.945000 0.257030
	0.950000 0.256734
	0.955000 0.256391
	0.960000 0.256007
	0.965000 0.255576
/baseTrajectory
/component
component
translationAxis 0.000000 1.000000 0.000000
baseTrajectory
	0.000000 0.944437
	0.005000 0.943849
	0.010000 0.943318
	0.015000 0.942867
	0.020000 0.942489
	0.025000 0.942187
	0.030000 0.941964
	0.035000 0.941818
	0.040000 0.941753
	0.045000 0.941765
	0.050000 0.941856
	0.055000 0.942022
	0.060000 0.942289
	0.065000 0.942551
	0.070000 0.942906
	0.075000 0.943305
	0.080000 0.943745
	0.085000 0.944248
	0.090000 0.944743
	0.095000 0.945277
	0.100000 0.945850
	0.105000 0.946443
	0.110000 0.947073
	0.115000 0.947722
	0.120000 0.948405
	0.125000 0.949131
	0.130000 0.949878
	0.135000 0.950686
	0.140000 0.951500
	0.145000 0.952362
	0.150000 0.953259
	0.155000 0.954182
	0.160000 0.955130
	0.165000 0.956117
	0.170000 0.957086
	0.175000 0.958059
	0.180000 0.959116
	0.185000 0.959983
	0.190000 0.960937
	0.195000 0.961885
	0.200000 0.962809
	0.205000 0.963725
	0.210000 0.964601
	0.215000 0.965459
	0.220000 0.966285
	0.225000 0.967079
	0.230000 0.967837
	0.235000 0.968541
	0.240000 0.969226
	0.245000 0.969868
	0.250000 0.970442
	0.255000 0.970986
	0.260000 0.971488
	0.265000 0.971920
	0.270000 0.972271
	0.275000 0.972621
	0.280000 0.972895
	0.285000 0.973096
	0.290000 0.973250
	0.295000 0.973300
	0.300000 0.973336
	0.305000 0.973291
	0.310000 0.973166
	0.315000 0.972951
	0.320000 0.972710
	0.325000 0.972364
	0.330000 0.971988
	0.335000 0.971532
	0.340000 0.971011
	0.345000 0.970417
	0.350000 0.969741
	0.355000 0.969049
	0.360000 0.968289
	0.365000 0.967471
	0.370000 0.966598
	0.375000 0.965679
	0.380000 0.964718
	0.385000 0.963715
	0.390000 0.962658
	0.395000 0.961617
	0.400000 0.960532
	0.405000 0.959431
	0.410000 0.958270
	0.415000 0.957145
	0.420000 0.956072
	0.425000 0.954934
	0.430000 0.953833
	0.435000 0.952749
	0.440000 0.951644
	0.445000 0.950646
	0.450000 0.949628
	0.455000 0.948665
	0.460000 0.947723
	0.465000 0.946852
	0.470000 0.946033
	0.475000 0.945223
	0.480000 0.944531
	0.485000 0.943886
	0.490000 0.943290
	0.495000 0.942766
	0.500000 0.942305
	0.505000 0.941898
	0.510000 0.941588
	0.515000 0.941332
	0.520000 0.941151
	0.525000 0.941030
	0.530000 0.941040
	0.535000 0.941041
	0.540000 0.941154
	0.545000 0.941303
	0.550000 0.941522
	0.555000 0.941750
	0.560000 0.942101
	0.565000 0.942492
	0.570000 0.942912
	0.575000 0.943378
	0.580000 0.943880
	0.585000 0.944386
	0.590000 0.944897
	0.595000 0.945395
	0.600000 0.945942
	0.605000 0.946534
	0.610000 0.947062
	0.615000 0.947677
	0.620000 0.948268
	0.625000 0.948894
	0.630000 0.949550
	0.635000 0.950233
	0.640000 0.950950
	0.645000 0.951698
	0.650000 0.952483
	0.655000 0.953340
	0.660000 0.954142
	0.665000 0.955022
	0.670000 0.955961
	0.675000 0.956882
	0.680000 0.957820
	0.685000 0.958782
	0.690000 0.959822
	0.695000 0.960699
	0.700000 0.961657
	0.705000 0.962613
	0.710000 0.963555
	0.715000 0.964561
	0.720000 0.965396
	0.725000 0.966359
	0.730000 0.967243
	0.735000 0.968087
	0.740000 0.968809
	0.745000 0.969636
	0.750000 0.970394
	0.755000 0.971087
	0.760000 0.971807
	0.765000 0.972362
	0.770000 0.973019
	0.775000 0.973434
	0.780000 0.973978
	0.785000 0.974356
	0.790000 0.974691
	0.795000 0.974948
	0.800000 0.975130
	0.805000 0.975236
	0.810000 0.975259
	0.815000 0.975195
	0.820000 0.975044
	0.825000 0.974739
	0.830000 0.974473
	0.835000 0.973997
	0.840000 0.973510
	0.845000 0.972916
	0.850000 0.972183
	0.855000 0.971399
	0.860000 0.970530
	0.865000 0.969555
	0.870000 0.968506
	0.875000 0.967378
	0.880000 0.966190
	0.885000 0.964901
	0.890000 0.963580
	0.895000 0.962206
	0.900000 0.960821
	0.905000 0.959353
	0.910000 0.957894
	0.915000 0.956437
	0.920000 0.954997
	0.925000 0.953556
	0.930000 0.952115
	0.935000 0.950691
	0.940000 0.949339
	0.945000 0.948070
	0.950000 0.946798
	0.955000 0.945589
	0.960000 0.944425
	0.965000 0.943329
/baseTrajectory
/component
component
translationAxis 0.000000 0.000000 1.000000
baseTrajectory
	0.000000 -0.794907
	0.005000 -0.786534
	0.010000 -0.778132
	0.015000 -0.769703
	0.020000 -0.761259
	0.025000 -0.752804
	0.030000 -0.744357
	0.035000 -0.735925
	0.040000 -0.727522
	0.045000 -0.719162
	0.050000 -0.710844
	0.055000 -0.702600
	0.060000 -0.694369
	0.065000 -0.686320
	0.070000 -0.678316
	0.075000 -0.670403
	0.080000 -0.662590
	0.085000 -0.654849
	0.090000 -0.647238
	0.095000 -0.639703
	0.100000 -0.632251
	0.105000 -0.624876
	0.110000 -0.617572
	0.115000 -0.610342
	0.120000 -0.603170
	0.125000 -0.596047
	0.130000 -0.588990
	0.135000 -0.581965
	0.140000 -0.575012
	0.145000 -0.568098
	0.150000 -0.561229
	0.155000 -0.554410
	0.160000 -0.547636
	0.165000 -0.540894
	0.170000 -0.534221
	0.175000 -0.527595
	0.180000 -0.520965
	0.185000 -0.514470
	0.190000 -0.507956
	0.195000 -0.501461
	0.200000 -0.494997
	0.205000 -0.488539
	0.210000 -0.482099
	0.215000 -0.475655
	0.220000 -0.469214
	0.225000 -0.462762
	0.230000 -0.456298
	0.235000 -0.449832
	0.240000 -0.443346
	0.245000 -0.436839
	0.250000 -0.430319
	0.255000 -0.423789
	0.260000 -0.417227
	0.265000 -0.410670
	0.270000 -0.404104
	0.275000 -0.397504
	0.280000 -0.390910
	0.285000 -0.384309
	0.290000 -0.377710
	0.295000 -0.371112
	0.300000 -0.364497
	0.305000 -0.357888
	0.310000 -0.351281
	0.315000 -0.344677
	0.320000 -0.338059
	0.325000 -0.331445
	0.330000 -0.324810
	0.335000 -0.318164
	0.340000 -0.311510
	0.345000 -0.304835
	0.350000 -0.298143
	0.355000 -0.291406
	0.360000 -0.284635
	0.365000 -0.277829
	0.370000 -0.270981
	0.375000 -0.264085
	0.380000 -0.257140
	0.385000 -0.250137
	0.390000 -0.243093
	0.395000 -0.235973
	0.400000 -0.228804
	0.405000 -0.221581
	0.410000 -0.214337
	0.415000 -0.207026
	0.420000 -0.199637
	0.425000 -0.192253
	0.430000 -0.184819
	0.435000 -0.177354
	0.440000 -0.169882
	0.445000 -0.162331
	0.450000 -0.154780
	0.455000 -0.147197
	0.460000 -0.139584
	0.465000 -0.131958
	0.470000 -0.124252
	0.475000 -0.116567
	0.480000 -0.108821
	0.485000 -0.101059
	0.490000 -0.093256
	0.495000 -0.085425
	0.500000 -0.077558
	0.505000 -0.069655
	0.510000 -0.061742
	0.515000 -0.053793
	0.520000 -0.045819
	0.525000 -0.037826
	0.530000 -0.029775
	0.535000 -0.021784
	0.540000 -0.013753
	0.545000 -0.005751
	0.550000 0.002249
	0.555000 0.010204
	0.560000 0.018134
	0.565000 0.026044
	0.570000 0.033878
	0.575000 0.041659
	0.580000 0.049370
	0.585000 0.056996
	0.590000 0.064536
	0.595000 0.071961
	0.600000 0.079323
	0.605000 0.086644
	0.610000 0.093799
	0.615000 0.100931
	0.620000 0.107979
	0.625000 0.114963
	0.630000 0.121891
	0.635000 0.128776
	0.640000 0.135594
	0.645000 0.142376
	0.650000 0.149116
	0.655000 0.155850
	0.660000 0.162486
	0.665000 0.169116
	0.670000 0.175733
	0.675000 0.182288
	0.680000 0.188801
	0.685000 0.195291
	0.690000 0.201776
	0.695000 0.208146
	0.700000 0.214524
	0.705000 0.220878
	0.710000 0.227204
	0.715000 0.233548
	0.720000 0.239802
	0.725000 0.246106
	0.730000 0.252384
	0.735000 0.258649
	0.740000 0.264877
	0.745000 0.271167
	0.750000 0.277456
	0.755000 0.283735
	0.760000 0.290073
	0.765000 0.296365
	0.770000 0.302745
	0.775000 0.309057
	0.780000 0.315476
	0.785000 0.321862
	0.790000 0.328280
	0.795000 0.334707
	0.800000 0.341151
	0.805000 0.347605
	0.810000 0.354071
	0.815000 0.360550
	0.820000 0.367030
	0.825000 0.373479
	0.830000 0.380010
	0.835000 0.386478
	0.840000 0.392996
	0.845000 0.399507
	0.850000 0.405985
	0.855000 0.412507
	0.860000 0.419031
	0.865000 0.425553
	0.870000 0.432088
	0.875000 0.438644
	0.880000 0.445226
	0.885000 0.451806
	0.890000 0.458431
	0.895000 0.465089
	0.900000 0.471808
	0.905000 0.478520
	0.910000 0.485304
	0.915000 0.492171
	0.920000 0.499068
	0.925000 0.506020
	0.930000 0.513008
	0.935000 0.520047
	0.940000 0.527155
	0.945000 0.534345
	0.950000 0.541552
	0.955000 0.548822
	0.960000 0.556142
	0.965000 0.563529
/baseTrajectory
/component
/trajectory

trajectory pelvis
component
rotationAxis -1.000000 0.000000 0.000000
baseTrajectory
	0.000000 -0.026003
	0.005000 -0.026451
	0.010000 -0.027090
	0.015000 -0.027738
	0.020000 -0.028458
	0.025000 -0.029233
	0.030000 -0.030095
	0.035000 -0.031056
	0.040000 -0.032105
	0.045000 -0.033295
	0.050000 -0.034412
	0.055000 -0.035869
	0.060000 -0.036482
	0.065000 -0.038955
	0.070000 -0.040728
	0.075000 -0.042685
	0.080000 -0.044751
	0.085000 -0.046576
	0.090000 -0.048815
	0.095000 -0.050925
	0.100000 -0.052770
	0.105000 -0.054508
	0.110000 -0.055914
	0.115000 -0.057190
	0.120000 -0.058200
	0.125000 -0.058783
	0.130000 -0.059330
	0.135000 -0.059336
	0.140000 -0.059520
	0.145000 -0.059387
	0.150000 -0.059125
	0.155000 -0.058828
	0.160000 -0.058504
	0.165000 -0.057893
	0.170000 -0.057823
	0.175000 -0.057845
	0.180000 -0.056870
	0.185000 -0.058344
	0.190000 -0.058577
	0.195000 -0.058826
	0.200000 -0.059057
	0.205000 -0.059147
	0.210000 -0.059337
	0.215000 -0.059291
	0.220000 -0.059094
	0.225000 -0.058753
	0.230000 -0.058204
	0.235000 -0.057486
	0.240000 -0.056593
	0.245000 -0.055276
	0.250000 -0.053933
	0.255000 -0.052258
	0.260000 -0.049998
	0.265000 -0.048025
	0.270000 -0.045977
	0.275000 -0.043316
	0.280000 -0.040789
	0.285000 -0.038353
	0.290000 -0.035943
	0.295000 -0.033649
	0.300000 -0.031063
	0.305000 -0.028717
	0.310000 -0.026424
	0.315000 -0.024553
	0.320000 -0.022487
	0.325000 -0.020700
	0.330000 -0.018822
	0.335000 -0.017088
	0.340000 -0.015346
	0.345000 -0.013865
	0.350000 -0.012596
	0.355000 -0.010798
	0.360000 -0.009057
	0.365000 -0.007253
	0.370000 -0.005518
	0.375000 -0.003541
	0.380000 -0.001414
	0.385000 0.000770
	0.390000 0.002803
	0.395000 0.005536
	0.400000 0.008034
	0.405000 0.010560
	0.410000 0.012416
	0.415000 0.014733
	0.420000 0.017626
	0.425000 0.019315
	0.430000 0.021138
	0.435000 0.022692
	0.440000 0.023291
	0.445000 0.024727
	0.450000 0.025061
	0.455000 0.025271
	0.460000 0.024923
	0.465000 0.024510
	0.470000 0.023985
	0.475000 0.022318
	0.480000 0.021556
	0.485000 0.020248
	0.490000 0.018699
	0.495000 0.017077
	0.500000 0.015346
	0.505000 0.013334
	0.510000 0.011874
	0.515000 0.010212
	0.520000 0.008713
	0.525000 0.007246
	0.530000 0.006890
	0.535000 0.005332
	0.540000 0.004762
	0.545000 0.003826
	0.550000 0.003222
	0.555000 0.002257
	0.560000 0.001944
	0.565000 0.001900
	0.570000 0.001535
	0.575000 0.001306
	0.580000 0.001069
	0.585000 0.000535
	0.590000 -0.000271
	0.595000 -0.001771
	0.600000 -0.002902
	0.605000 -0.003318
	0.610000 -0.005426
	0.615000 -0.006439
	0.620000 -0.007807
	0.625000 -0.009093
	0.630000 -0.010280
	0.635000 -0.011105
	0.640000 -0.012282
	0.645000 -0.013190
	0.650000 -0.013956
	0.655000 -0.014146
	0.660000 -0.015431
	0.665000 -0.016112
	0.670000 -0.016363
	0.675000 -0.017214
	0.680000 -0.018162
	0.685000 -0.019071
	0.690000 -0.019195
	0.695000 -0.021618
	0.700000 -0.023110
	0.705000 -0.024650
	0.710000 -0.026351
	0.715000 -0.027207
	0.720000 -0.029874
	0.725000 -0.031158
	0.730000 -0.032992
	0.735000 -0.034935
	0.740000 -0.037837
	0.745000 -0.039090
	0.750000 -0.040477
	0.755000 -0.041963
	0.760000 -0.042517
	0.765000 -0.044059
	0.770000 -0.043841
	0.775000 -0.045284
	0.780000 -0.044607
	0.785000 -0.044767
	0.790000 -0.044443
	0.795000 -0.044021
	0.800000 -0.043484
	0.805000 -0.042749
	0.810000 -0.041944
	0.815000 -0.041084
	0.820000 -0.040200
	0.825000 -0.039981
	0.830000 -0.038415
	0.835000 -0.038136
	0.840000 -0.037066
	0.845000 -0.036259
	0.850000 -0.035995
	0.855000 -0.035422
	0.860000 -0.034902
	0.865000 -0.034686
	0.870000 -0.034466
	0.875000 -0.034320
	0.880000 -0.034105
	0.885000 -0.034267
	0.890000 -0.034155
	0.895000 -0.034061
	0.900000 -0.033599
	0.905000 -0.033629
	0.910000 -0.033303
	0.915000 -0.032589
	0.920000 -0.031795
	0.925000 -0.031110
	0.930000 -0.030549
	0.935000 -0.030300
	0.940000 -0.029552
	0.945000 -0.028393
	0.950000 -0.027674
	0.955000 -0.027057
	0.960000 -0.026611
	0.965000 -0.026111
/baseTrajectory
/component
component
rotationAxis 0.000000 1.000000 0.000000
baseTrajectory
	0.000000 -0.042557
	0.005000 -0.044092
	0.010000 -0.045298
	0.015000 -0.046271
	0.020000 -0.046955
	0.025000 -0.047422
	0.030000 -0.047549
	0.035000 -0.047465
	0.040000 -0.047133
	0.045000 -0.046590
	0.050000 -0.045752
	0.055000 -0.044859
	0.060000 -0.043217
	0.065000 -0.042309
	0.070000 -0.040737
	0.075000 -0.039074
	0.080000 -0.037423
	0.085000 -0.035434
	0.090000 -0.033974
	0.095000 -0.032361
	0.100000 -0.030570
	0.105000 -0.028863
	0.110000 -0.027071
	0.115000 -0.025379
	0.120000 -0.023700
	0.125000 -0.021997
	0.130000 -0.020465
	0.135000 -0.018881
	0.140000 -0.017500
	0.145000 -0.016140
	0.150000 -0.014881
	0.155000 -0.013725
	0.160000 -0.012677
	0.165000 -0.011781
	0.170000 -0.010888
	0.175000 -0.010036
	0.180000 -0.009087
	0.185000 -0.008494
	0.190000 -0.007635
	0.195000 -0.006775
	0.200000 -0.005802
	0.205000 -0.004808
	0.210000 -0.003633
	0.215000 -0.002389
	0.220000 -0.001048
	0.225000 0.000462
	0.230000 0.002016
	0.235000 0.003522
	0.240000 0.005608
	0.245000 0.007553
	0.250000 0.009347
	0.255000 0.012438
	0.260000 0.015142
	0.265000 0.018210
	0.270000 0.020993
	0.275000 0.023758
	0.280000 0.026665
	0.285000 0.029461
	0.290000 0.032508
	0.295000 0.035033
	0.300000 0.037686
	0.305000 0.040278
	0.310000 0.042593
	0.315000 0.044970
	0.320000 0.047331
	0.325000 0.049471
	0.330000 0.051729
	0.335000 0.053872
	0.340000 0.055938
	0.345000 0.058129
	0.350000 0.060427
	0.355000 0.062594
	0.360000 0.064836
	0.365000 0.067208
	0.370000 0.069845
	0.375000 0.072493
	0.380000 0.075284
	0.385000 0.078298
	0.390000 0.081718
	0.395000 0.084909
	0.400000 0.088475
	0.405000 0.092235
	0.410000 0.096418
	0.415000 0.100437
	0.420000 0.104212
	0.425000 0.108484
	0.430000 0.112664
	0.435000 0.116887
	0.440000 0.121270
	0.445000 0.125174
	0.450000 0.129320
	0.455000 0.133346
	0.460000 0.137108
	0.465000 0.141070
	0.470000 0.144233
	0.475000 0.147837
	0.480000 0.150466
	0.485000 0.153483
	0.490000 0.155867
	0.495000 0.158131
	0.500000 0.159971
	0.505000 0.161577
	0.510000 0.162673
	0.515000 0.163514
	0.520000 0.163998
	0.525000 0.164181
	0.530000 0.164097
	0.535000 0.164148
	0.540000 0.163570
	0.545000 0.163145
	0.550000 0.162431
	0.555000 0.161064
	0.560000 0.160897
	0.565000 0.159679
	0.570000 0.158985
	0.575000 0.158351
	0.580000 0.157741
	0.585000 0.157109
	0.590000 0.156496
	0.595000 0.156107
	0.600000 0.155712
	0.605000 0.155044
	0.610000 0.154820
	0.615000 0.154523
	0.620000 0.154032
	0.625000 0.153592
	0.630000 0.153158
	0.635000 0.152575
	0.640000 0.152161
	0.645000 0.151609
	0.650000 0.150989
	0.655000 0.150402
	0.660000 0.149571
	0.665000 0.148772
	0.670000 0.147993
	0.675000 0.147088
	0.680000 0.146113
	0.685000 0.145086
	0.690000 0.143942
	0.695000 0.142901
	0.700000 0.141689
	0.705000 0.140430
	0.710000 0.139109
	0.715000 0.137701
	0.720000 0.136223
	0.725000 0.134093
	0.730000 0.131781
	0.735000 0.129454
	0.740000 0.126864
	0.745000 0.124516
	0.750000 0.121743
	0.755000 0.119313
	0.760000 0.116351
	0.765000 0.113647
	0.770000 0.110550
	0.775000 0.107592
	0.780000 0.104801
	0.785000 0.101510
	0.790000 0.098216
	0.795000 0.094867
	0.800000 0.091110
	0.805000 0.087556
	0.810000 0.084080
	0.815000 0.080589
	0.820000 0.077027
	0.825000 0.073077
	0.830000 0.069928
	0.835000 0.065864
	0.840000 0.062323
	0.845000 0.059047
	0.850000 0.055104
	0.855000 0.051517
	0.860000 0.047961
	0.865000 0.044306
	0.870000 0.040638
	0.875000 0.036965
	0.880000 0.033293
	0.885000 0.029426
	0.890000 0.025547
	0.895000 0.021625
	0.900000 0.017714
	0.905000 0.013490
	0.910000 0.009264
	0.915000 0.005347
	0.920000 0.000938
	0.925000 -0.003591
	0.930000 -0.007885
	0.935000 -0.012667
	0.940000 -0.017168
	0.945000 -0.021720
	0.950000 -0.025824
	0.955000 -0.030188
	0.960000 -0.034454
	0.965000 -0.038669
/baseTrajectory
/component
component
rotationAxis 0.000000 0.000000 1.000000
baseTrajectory
	0.000000 -0.044438
	0.005000 -0.040405
	0.010000 -0.035932
	0.015000 -0.031044
	0.020000 -0.025779
	0.025000 -0.020105
	0.030000 -0.014124
	0.035000 -0.007840
	0.040000 -0.001345
	0.045000 0.005352
	0.050000 0.012225
	0.055000 0.019072
	0.060000 0.026690
	0.065000 0.032936
	0.070000 0.039545
	0.075000 0.045862
	0.080000 0.051955
	0.085000 0.057595
	0.090000 0.063011
	0.095000 0.068197
	0.100000 0.072821
	0.105000 0.077215
	0.110000 0.081120
	0.115000 0.084778
	0.120000 0.088085
	0.125000 0.090981
	0.130000 0.093645
	0.135000 0.095846
	0.140000 0.097883
	0.145000 0.099520
	0.150000 0.100867
	0.155000 0.101948
	0.160000 0.102712
	0.165000 0.103597
	0.170000 0.103617
	0.175000 0.103333
	0.180000 0.102654
	0.185000 0.102255
	0.190000 0.101454
	0.195000 0.100506
	0.200000 0.099422
	0.205000 0.098296
	0.210000 0.096956
	0.215000 0.095633
	0.220000 0.094304
	0.225000 0.092875
	0.230000 0.091653
	0.235000 0.090568
	0.240000 0.088830
	0.245000 0.087686
	0.250000 0.086873
	0.255000 0.085337
	0.260000 0.084481
	0.265000 0.083371
	0.270000 0.083057
	0.275000 0.082326
	0.280000 0.081772
	0.285000 0.081513
	0.290000 0.080954
	0.295000 0.081397
	0.300000 0.081295
	0.305000 0.081448
	0.310000 0.082084
	0.315000 0.082838
	0.320000 0.083456
	0.325000 0.084640
	0.330000 0.085567
	0.335000 0.086793
	0.340000 0.088318
	0.345000 0.089881
	0.350000 0.091824
	0.355000 0.093648
	0.360000 0.095728
	0.365000 0.098065
	0.370000 0.100448
	0.375000 0.103058
	0.380000 0.105898
	0.385000 0.108755
	0.390000 0.111788
	0.395000 0.114623
	0.400000 0.117587
	0.405000 0.120398
	0.410000 0.123428
	0.415000 0.126024
	0.420000 0.128067
	0.425000 0.130253
	0.430000 0.132067
	0.435000 0.133610
	0.440000 0.135060
	0.445000 0.135641
	0.450000 0.136246
	0.455000 0.136426
	0.460000 0.136343
	0.465000 0.135916
	0.470000 0.134821
	0.475000 0.134037
	0.480000 0.132060
	0.485000 0.130165
	0.490000 0.127809
	0.495000 0.125135
	0.500000 0.122042
	0.505000 0.118421
	0.510000 0.114898
	0.515000 0.110860
	0.520000 0.106535
	0.525000 0.101948
	0.530000 0.096656
	0.535000 0.091953
	0.540000 0.086667
	0.545000 0.081580
	0.550000 0.076335
	0.555000 0.071651
	0.560000 0.066327
	0.565000 0.061548
	0.570000 0.056791
	0.575000 0.052109
	0.580000 0.047555
	0.585000 0.043180
	0.590000 0.038992
	0.595000 0.035460
	0.600000 0.032152
	0.605000 0.027814
	0.610000 0.025374
	0.615000 0.022478
	0.620000 0.019230
	0.625000 0.016178
	0.630000 0.013294
	0.635000 0.010139
	0.640000 0.007604
	0.645000 0.004866
	0.650000 0.002283
	0.655000 -0.000825
	0.660000 -0.002520
	0.665000 -0.004491
	0.670000 -0.006695
	0.675000 -0.008276
	0.680000 -0.009431
	0.685000 -0.010320
	0.690000 -0.010477
	0.695000 -0.011331
	0.700000 -0.011244
	0.705000 -0.010934
	0.710000 -0.010343
	0.715000 -0.009111
	0.720000 -0.008361
	0.725000 -0.006630
	0.730000 -0.005027
	0.735000 -0.003263
	0.740000 -0.001242
	0.745000 0.000877
	0.750000 0.003671
	0.755000 0.005587
	0.760000 0.008599
	0.765000 0.010347
	0.770000 0.013399
	0.775000 0.014980
	0.780000 0.017918
	0.785000 0.020117
	0.790000 0.022020
	0.795000 0.023811
	0.800000 0.025374
	0.805000 0.026703
	0.810000 0.027830
	0.815000 0.028725
	0.820000 0.029311
	0.825000 0.029330
	0.830000 0.029541
	0.835000 0.029101
	0.840000 0.028540
	0.845000 0.027562
	0.850000 0.026152
	0.855000 0.024461
	0.860000 0.022436
	0.865000 0.019984
	0.870000 0.017201
	0.875000 0.014104
	0.880000 0.010779
	0.885000 0.006880
	0.890000 0.002902
	0.895000 -0.001276
	0.900000 -0.005356
	0.905000 -0.010096
	0.910000 -0.014541
	0.915000 -0.019067
	0.920000 -0.023062
	0.925000 -0.026920
	0.930000 -0.030888
	0.935000 -0.034323
	0.940000 -0.037178
	0.945000 -0.038949
	0.950000 -0.041298
	0.955000 -0.042764
	0.960000 -0.043797
	0.965000 -0.044104
/baseTrajectory
/component
/trajectory

trajectory hip_r
component
rotationAxis -1.000000 0.000000 0.000000
baseTrajectory
	0.000000 -0.200432
	0.005000 -0.202189
	0.010000 -0.202966
	0.015000 -0.202937
	0.020000 -0.202039
	0.025000 -0.200226
	0.030000 -0.197461
	0.035000 -0.193677
	0.040000 -0.188837
	0.045000 -0.182889
	0.050000 -0.176020
	0.055000 -0.167694
	0.060000 -0.159315
	0.065000 -0.147631
	0.070000 -0.135766
	0.075000 -0.122593
	0.080000 -0.108181
	0.085000 -0.093204
	0.090000 -0.076441
	0.095000 -0.058980
	0.100000 -0.041113
	0.105000 -0.022605
	0.110000 -0.003926
	0.115000 0.015164
	0.120000 0.034330
	0.125000 0.053232
	0.130000 0.072405
	0.135000 0.090950
	0.140000 0.109897
	0.145000 0.128408
	0.150000 0.146709
	0.155000 0.164884
	0.160000 0.182887
	0.165000 0.200435
	0.170000 0.218326
	0.175000 0.236075
	0.180000 0.252184
	0.185000 0.271362
	0.190000 0.288518
	0.195000 0.305309
	0.200000 0.321744
	0.205000 0.337614
	0.210000 0.353166
	0.215000 0.368020
	0.220000 0.382280
	0.225000 0.395867
	0.230000 0.408781
	0.235000 0.421165
	0.240000 0.432536
	0.245000 0.443101
	0.250000 0.453270
	0.255000 0.462774
	0.260000 0.471325
	0.265000 0.479539
	0.270000 0.487415
	0.275000 0.493843
	0.280000 0.499915
	0.285000 0.505605
	0.290000 0.510606
	0.295000 0.515526
	0.300000 0.519287
	0.305000 0.522792
	0.310000 0.525920
	0.315000 0.528944
	0.320000 0.530998
	0.325000 0.533009
	0.330000 0.534082
	0.335000 0.534837
	0.340000 0.535086
	0.345000 0.534997
	0.350000 0.534736
	0.355000 0.533209
	0.360000 0.531366
	0.365000 0.529076
	0.370000 0.526428
	0.375000 0.523299
	0.380000 0.519810
	0.385000 0.516070
	0.390000 0.512516
	0.395000 0.507973
	0.400000 0.503824
	0.405000 0.499668
	0.410000 0.496669
	0.415000 0.493020
	0.420000 0.488578
	0.425000 0.485822
	0.430000 0.482859
	0.435000 0.480182
	0.440000 0.478677
	0.445000 0.475717
	0.450000 0.474100
	0.455000 0.472379
	0.460000 0.471214
	0.465000 0.469742
	0.470000 0.468408
	0.475000 0.468602
	0.480000 0.466822
	0.485000 0.466112
	0.490000 0.465850
	0.495000 0.465694
	0.500000 0.465867
	0.505000 0.466594
	0.510000 0.466866
	0.515000 0.467692
	0.520000 0.468568
	0.525000 0.469690
	0.530000 0.469650
	0.535000 0.471203
	0.540000 0.471747
	0.545000 0.472760
	0.550000 0.473340
	0.555000 0.474706
	0.560000 0.474284
	0.565000 0.473999
	0.570000 0.473442
	0.575000 0.472305
	0.580000 0.470663
	0.585000 0.468930
	0.590000 0.467063
	0.595000 0.465501
	0.600000 0.463098
	0.605000 0.459209
	0.610000 0.456900
	0.615000 0.452868
	0.620000 0.448696
	0.625000 0.443986
	0.630000 0.438736
	0.635000 0.432813
	0.640000 0.426665
	0.645000 0.419928
	0.650000 0.412723
	0.655000 0.404286
	0.660000 0.397262
	0.665000 0.389050
	0.670000 0.379955
	0.675000 0.371427
	0.680000 0.362833
	0.685000 0.353962
	0.690000 0.343987
	0.695000 0.336497
	0.700000 0.327805
	0.705000 0.319025
	0.710000 0.310321
	0.715000 0.300463
	0.720000 0.292801
	0.725000 0.282715
	0.730000 0.273310
	0.735000 0.264017
	0.740000 0.256160
	0.745000 0.245946
	0.750000 0.236320
	0.755000 0.226453
	0.760000 0.215837
	0.765000 0.206243
	0.770000 0.194766
	0.775000 0.185283
	0.780000 0.173468
	0.785000 0.162768
	0.790000 0.151442
	0.795000 0.140150
	0.800000 0.128748
	0.805000 0.117262
	0.810000 0.105790
	0.815000 0.094351
	0.820000 0.083014
	0.825000 0.072741
	0.830000 0.060518
	0.835000 0.050326
	0.840000 0.038986
	0.845000 0.028061
	0.850000 0.018142
	0.855000 0.007693
	0.860000 -0.002580
	0.865000 -0.012353
	0.870000 -0.022051
	0.875000 -0.031618
	0.880000 -0.041226
	0.885000 -0.050125
	0.890000 -0.059404
	0.895000 -0.068584
	0.900000 -0.078212
	0.905000 -0.086943
	0.910000 -0.096152
	0.915000 -0.106029
	0.920000 -0.115560
	0.925000 -0.124888
	0.930000 -0.133959
	0.935000 -0.142483
	0.940000 -0.151453
	0.945000 -0.160764
	0.950000 -0.169356
	0.955000 -0.177654
	0.960000 -0.185548
	0.965000 -0.193303
/baseTrajectory
/component
component
rotationAxis 0.000000 1.000000 0.000000
baseTrajectory
	0.000000 -0.210723
	0.005000 -0.214701
	0.010000 -0.219364
	0.015000 -0.224420
	0.020000 -0.229813
	0.025000 -0.235314
	0.030000 -0.240813
	0.035000 -0.245977
	0.040000 -0.250611
	0.045000 -0.254403
	0.050000 -0.257491
	0.055000 -0.258991
	0.060000 -0.260940
	0.065000 -0.258521
	0.070000 -0.255864
	0.075000 -0.251588
	0.080000 -0.245620
	0.085000 -0.238479
	0.090000 -0.229318
	0.095000 -0.219229
	0.100000 -0.208377
	0.105000 -0.196758
	0.110000 -0.184824
	0.115000 -0.172489
	0.120000 -0.160181
	0.125000 -0.148092
	0.130000 -0.136105
	0.135000 -0.124727
	0.140000 -0.113662
	0.145000 -0.103225
	0.150000 -0.093415
	0.155000 -0.084226
	0.160000 -0.075662
	0.165000 -0.067729
	0.170000 -0.060419
	0.175000 -0.053770
	0.180000 -0.048080
	0.185000 -0.042242
	0.190000 -0.037515
	0.195000 -0.033362
	0.200000 -0.029776
	0.205000 -0.026727
	0.210000 -0.024291
	0.215000 -0.022313
	0.220000 -0.020783
	0.225000 -0.019761
	0.230000 -0.018985
	0.235000 -0.018457
	0.240000 -0.018947
	0.245000 -0.019338
	0.250000 -0.019694
	0.255000 -0.020646
	0.260000 -0.021317
	0.265000 -0.022517
	0.270000 -0.023450
	0.275000 -0.024726
	0.280000 -0.026359
	0.285000 -0.027963
	0.290000 -0.030182
	0.295000 -0.031811
	0.300000 -0.034017
	0.305000 -0.036399
	0.310000 -0.038603
	0.315000 -0.041159
	0.320000 -0.044062
	0.325000 -0.047029
	0.330000 -0.050474
	0.335000 -0.054227
	0.340000 -0.058360
	0.345000 -0.063042
	0.350000 -0.068490
	0.355000 -0.074277
	0.360000 -0.080938
	0.365000 -0.088508
	0.370000 -0.097135
	0.375000 -0.106747
	0.380000 -0.117525
	0.385000 -0.129544
	0.390000 -0.143266
	0.395000 -0.157332
	0.400000 -0.172932
	0.405000 -0.189445
	0.410000 -0.207499
	0.415000 -0.225285
	0.420000 -0.242507
	0.425000 -0.260298
	0.430000 -0.277174
	0.435000 -0.293125
	0.440000 -0.308046
	0.445000 -0.320368
	0.450000 -0.331643
	0.455000 -0.340750
	0.460000 -0.347696
	0.465000 -0.352543
	0.470000 -0.355197
	0.475000 -0.356998
	0.480000 -0.353799
	0.485000 -0.351161
	0.490000 -0.346438
	0.495000 -0.340572
	0.500000 -0.333382
	0.505000 -0.325569
	0.510000 -0.316268
	0.515000 -0.306810
	0.520000 -0.296957
	0.525000 -0.286981
	0.530000 -0.277655
	0.535000 -0.268163
	0.540000 -0.259194
	0.545000 -0.250872
	0.550000 -0.243115
	0.555000 -0.235930
	0.560000 -0.229988
	0.565000 -0.225343
	0.570000 -0.221357
	0.575000 -0.218267
	0.580000 -0.215948
	0.585000 -0.214300
	0.590000 -0.213409
	0.595000 -0.213085
	0.600000 -0.213916
	0.605000 -0.215215
	0.610000 -0.216579
	0.615000 -0.219062
	0.620000 -0.221059
	0.625000 -0.223430
	0.630000 -0.225885
	0.635000 -0.228620
	0.640000 -0.230681
	0.645000 -0.232781
	0.650000 -0.234639
	0.655000 -0.236262
	0.660000 -0.237315
	0.665000 -0.238240
	0.670000 -0.238984
	0.675000 -0.239273
	0.680000 -0.239295
	0.685000 -0.239210
	0.690000 -0.238883
	0.695000 -0.238533
	0.700000 -0.238110
	0.705000 -0.237726
	0.710000 -0.237390
	0.715000 -0.237127
	0.720000 -0.237044
	0.725000 -0.237367
	0.730000 -0.237828
	0.735000 -0.238346
	0.740000 -0.239574
	0.745000 -0.240436
	0.750000 -0.241985
	0.755000 -0.242831
	0.760000 -0.244280
	0.765000 -0.244970
	0.770000 -0.246312
	0.775000 -0.246810
	0.780000 -0.249022
	0.785000 -0.249875
	0.790000 -0.250375
	0.795000 -0.250903
	0.800000 -0.250436
	0.805000 -0.250467
	0.810000 -0.250647
	0.815000 -0.250889
	0.820000 -0.250879
	0.825000 -0.250020
	0.830000 -0.250583
	0.835000 -0.249539
	0.840000 -0.249198
	0.845000 -0.249346
	0.850000 -0.248265
	0.855000 -0.247654
	0.860000 -0.247084
	0.865000 -0.246315
	0.870000 -0.245452
	0.875000 -0.244546
	0.880000 -0.243547
	0.885000 -0.242291
	0.890000 -0.240897
	0.895000 -0.239447
	0.900000 -0.237946
	0.905000 -0.236035
	0.910000 -0.234126
	0.915000 -0.232077
	0.920000 -0.230080
	0.925000 -0.227925
	0.930000 -0.225924
	0.935000 -0.223424
	0.940000 -0.221429
	0.945000 -0.219500
	0.950000 -0.217960
	0.955000 -0.216050
	0.960000 -0.214220
	0.965000 -0.212359
/baseTrajectory
/component
component
rotationAxis 0.000000 0.000000 1.000000
baseTrajectory
	0.000000 0.058248
	0.005000 0.049556
	0.010000 0.040185
	0.015000 0.030137
	0.020000 0.019506
	0.025000 0.008250
	0.030000 -0.003446
	0.035000 -0.015568
	0.040000 -0.027950
	0.045000 -0.040507
	0.050000 -0.053194
	0.055000 -0.065672
	0.060000 -0.079075
	0.065000 -0.090140
	0.070000 -0.101390
	0.075000 -0.111866
	0.080000 -0.121584
	0.085000 -0.130196
	0.090000 -0.138067
	0.095000 -0.145057
	0.100000 -0.150799
	0.105000 -0.155733
	0.110000 -0.159577
	0.115000 -0.162655
	0.120000 -0.164901
	0.125000 -0.166299
	0.130000 -0.167143
	0.135000 -0.167207
	0.140000 -0.166958
	0.145000 -0.166101
	0.150000 -0.164880
	0.155000 -0.163354
	0.160000 -0.161482
	0.165000 -0.159886
	0.170000 -0.157250
	0.175000 -0.154358
	0.180000 -0.151165
	0.185000 -0.148364
	0.190000 -0.145370
	0.195000 -0.142304
	0.200000 -0.139267
	0.205000 -0.136319
	0.210000 -0.133293
	0.215000 -0.130435
	0.220000 -0.127719
	0.225000 -0.125044
	0.230000 -0.122716
	0.235000 -0.120662
	0.240000 -0.118161
	0.245000 -0.116401
	0.250000 -0.115040
	0.255000 -0.112898
	0.260000 -0.111526
	0.265000 -0.110068
	0.270000 -0.109580
	0.275000 -0.108622
	0.280000 -0.108114
	0.285000 -0.107981
	0.290000 -0.107754
	0.295000 -0.108552
	0.300000 -0.108843
	0.305000 -0.109535
	0.310000 -0.110724
	0.315000 -0.112191
	0.320000 -0.113528
	0.325000 -0.115566
	0.330000 -0.117341
	0.335000 -0.119508
	0.340000 -0.122063
	0.345000 -0.124712
	0.350000 -0.128020
	0.355000 -0.130966
	0.360000 -0.134345
	0.365000 -0.138118
	0.370000 -0.142031
	0.375000 -0.146231
	0.380000 -0.150750
	0.385000 -0.155361
	0.390000 -0.160423
	0.395000 -0.164861
	0.400000 -0.169664
	0.405000 -0.174258
	0.410000 -0.179417
	0.415000 -0.183708
	0.420000 -0.186961
	0.425000 -0.190709
	0.430000 -0.193801
	0.435000 -0.196517
	0.440000 -0.199214
	0.445000 -0.200325
	0.450000 -0.201743
	0.455000 -0.202484
	0.460000 -0.202865
	0.465000 -0.202788
	0.470000 -0.201688
	0.475000 -0.201488
	0.480000 -0.198668
	0.485000 -0.196658
	0.490000 -0.193882
	0.495000 -0.190735
	0.500000 -0.186980
	0.505000 -0.182664
	0.510000 -0.178080
	0.515000 -0.172950
	0.520000 -0.167349
	0.525000 -0.161380
	0.530000 -0.154449
	0.535000 -0.148377
	0.540000 -0.141346
	0.545000 -0.134691
	0.550000 -0.127746
	0.555000 -0.121431
	0.560000 -0.114537
	0.565000 -0.108270
	0.570000 -0.102141
	0.575000 -0.096145
	0.580000 -0.090326
	0.585000 -0.084770
	0.590000 -0.079535
	0.595000 -0.075258
	0.600000 -0.071369
	0.605000 -0.066054
	0.610000 -0.063312
	0.615000 -0.060009
	0.620000 -0.056055
	0.625000 -0.052333
	0.630000 -0.048716
	0.635000 -0.044670
	0.640000 -0.041146
	0.645000 -0.037238
	0.650000 -0.033313
	0.655000 -0.028469
	0.660000 -0.025299
	0.665000 -0.021549
	0.670000 -0.017301
	0.675000 -0.013713
	0.680000 -0.010514
	0.685000 -0.007530
	0.690000 -0.005144
	0.695000 -0.002342
	0.700000 -0.000401
	0.705000 0.001289
	0.710000 0.002629
	0.715000 0.003392
	0.720000 0.004315
	0.725000 0.004116
	0.730000 0.003926
	0.735000 0.003493
	0.740000 0.002345
	0.745000 0.001551
	0.750000 -0.000358
	0.755000 -0.000996
	0.760000 -0.003027
	0.765000 -0.003542
	0.770000 -0.005570
	0.775000 -0.005946
	0.780000 -0.008077
	0.785000 -0.009242
	0.790000 -0.009973
	0.795000 -0.010665
	0.800000 -0.010968
	0.805000 -0.011160
	0.810000 -0.011234
	0.815000 -0.011136
	0.820000 -0.010750
	0.825000 -0.009803
	0.830000 -0.009087
	0.835000 -0.007765
	0.840000 -0.006314
	0.845000 -0.004551
	0.850000 -0.002358
	0.855000 0.000102
	0.860000 0.002848
	0.865000 0.005984
	0.870000 0.009423
	0.875000 0.013149
	0.880000 0.017051
	0.885000 0.021466
	0.890000 0.025920
	0.895000 0.030507
	0.900000 0.034908
	0.905000 0.039838
	0.910000 0.044357
	0.915000 0.048997
	0.920000 0.052674
	0.925000 0.056014
	0.930000 0.059327
	0.935000 0.061763
	0.940000 0.063378
	0.945000 0.063567
	0.950000 0.064271
	0.955000 0.063759
	0.960000 0.062587
	0.965000 0.060446
/baseTrajectory
/component
/trajectory

trajectory hip_l
component
rotationAxis -1.000000 0.000000 0.000000
baseTrajectory
	0.000000 0.453366
	0.005000 0.450462
	0.010000 0.447806
	0.015000 0.445268
	0.020000 0.443002
	0.025000 0.440993
	0.030000 0.439296
	0.035000 0.437953
	0.040000 0.436927
	0.045000 0.436357
	0.050000 0.436293
	0.055000 0.436209
	0.060000 0.435591
	0.065000 0.436889
	0.070000 0.437536
	0.075000 0.438519
	0.080000 0.439586
	0.085000 0.440272
	0.090000 0.441243
	0.095000 0.441686
	0.100000 0.441623
	0.105000 0.440943
	0.110000 0.439511
	0.115000 0.437389
	0.120000 0.434391
	0.125000 0.430442
	0.130000 0.425767
	0.135000 0.419986
	0.140000 0.413800
	0.145000 0.406738
	0.150000 0.399010
	0.155000 0.390743
	0.160000 0.382010
	0.165000 0.372410
	0.170000 0.363283
	0.175000 0.353991
	0.180000 0.343284
	0.185000 0.335141
	0.190000 0.325345
	0.195000 0.315318
	0.200000 0.305192
	0.205000 0.294669
	0.210000 0.284258
	0.215000 0.273445
	0.220000 0.262407
	0.225000 0.251166
	0.230000 0.239614
	0.235000 0.227835
	0.240000 0.215979
	0.245000 0.203510
	0.250000 0.190961
	0.255000 0.178403
	0.260000 0.165028
	0.265000 0.152089
	0.270000 0.138815
	0.275000 0.125064
	0.280000 0.111433
	0.285000 0.097824
	0.290000 0.084372
	0.295000 0.070762
	0.300000 0.057088
	0.305000 0.043629
	0.310000 0.030165
	0.315000 0.017150
	0.320000 0.004048
	0.325000 -0.008873
	0.330000 -0.021697
	0.335000 -0.034364
	0.340000 -0.047056
	0.345000 -0.059349
	0.350000 -0.071601
	0.355000 -0.084054
	0.360000 -0.096475
	0.365000 -0.108892
	0.370000 -0.121233
	0.375000 -0.133764
	0.380000 -0.146330
	0.385000 -0.158972
	0.390000 -0.171182
	0.395000 -0.184333
	0.400000 -0.196947
	0.405000 -0.209471
	0.410000 -0.220708
	0.415000 -0.232533
	0.420000 -0.245067
	0.425000 -0.255629
	0.430000 -0.266092
	0.435000 -0.275892
	0.440000 -0.284071
	0.445000 -0.293308
	0.450000 -0.300623
	0.455000 -0.307437
	0.460000 -0.313098
	0.465000 -0.318377
	0.470000 -0.322731
	0.475000 -0.326334
	0.480000 -0.328734
	0.485000 -0.330685
	0.490000 -0.331891
	0.495000 -0.332348
	0.500000 -0.332065
	0.505000 -0.330987
	0.510000 -0.329332
	0.515000 -0.326906
	0.520000 -0.323895
	0.525000 -0.320153
	0.530000 -0.316727
	0.535000 -0.311308
	0.540000 -0.306077
	0.545000 -0.299627
	0.550000 -0.292719
	0.555000 -0.284717
	0.560000 -0.276181
	0.565000 -0.267485
	0.570000 -0.257294
	0.575000 -0.246367
	0.580000 -0.234518
	0.585000 -0.221402
	0.590000 -0.207129
	0.595000 -0.191399
	0.600000 -0.175427
	0.605000 -0.159187
	0.610000 -0.140907
	0.615000 -0.123203
	0.620000 -0.104414
	0.625000 -0.085369
	0.630000 -0.066153
	0.635000 -0.046947
	0.640000 -0.027399
	0.645000 -0.007954
	0.650000 0.011358
	0.655000 0.030126
	0.660000 0.049794
	0.665000 0.068713
	0.670000 0.087068
	0.675000 0.105824
	0.680000 0.124400
	0.685000 0.142629
	0.690000 0.159399
	0.695000 0.178997
	0.700000 0.196833
	0.705000 0.214353
	0.710000 0.231640
	0.715000 0.247297
	0.720000 0.265004
	0.725000 0.280015
	0.730000 0.295318
	0.735000 0.310284
	0.740000 0.325916
	0.745000 0.338970
	0.750000 0.351580
	0.755000 0.364083
	0.760000 0.374575
	0.765000 0.386206
	0.770000 0.394729
	0.775000 0.405285
	0.780000 0.412241
	0.785000 0.419963
	0.790000 0.426632
	0.795000 0.432681
	0.800000 0.438111
	0.805000 0.442811
	0.810000 0.446917
	0.815000 0.450463
	0.820000 0.453463
	0.825000 0.456850
	0.830000 0.457986
	0.835000 0.460306
	0.840000 0.461112
	0.845000 0.461783
	0.850000 0.462754
	0.855000 0.462878
	0.860000 0.462696
	0.865000 0.462589
	0.870000 0.462175
	0.875000 0.461634
	0.880000 0.460768
	0.885000 0.460401
	0.890000 0.459581
	0.895000 0.458814
	0.900000 0.457570
	0.905000 0.457321
	0.910000 0.456666
	0.915000 0.456304
	0.920000 0.455481
	0.925000 0.455122
	0.930000 0.455354
	0.935000 0.455945
	0.940000 0.455859
	0.945000 0.454641
	0.950000 0.454937
	0.955000 0.454662
	0.960000 0.454422
	0.965000 0.453646
/baseTrajectory
/component
component
rotationAxis 0.000000 -1.000000 0.000000
baseTrajectory
	0.000000 -0.073673
	0.005000 -0.067511
	0.010000 -0.060849
	0.015000 -0.054348
	0.020000 -0.048146
	0.025000 -0.042553
	0.030000 -0.037522
	0.035000 -0.033412
	0.040000 -0.030253
	0.045000 -0.028253
	0.050000 -0.028210
	0.055000 -0.027881
	0.060000 -0.029247
	0.065000 -0.030503
	0.070000 -0.032646
	0.075000 -0.035818
	0.080000 -0.039755
	0.085000 -0.044065
	0.090000 -0.048849
	0.095000 -0.053561
	0.100000 -0.058309
	0.105000 -0.062757
	0.110000 -0.066938
	0.115000 -0.070566
	0.120000 -0.073684
	0.125000 -0.076363
	0.130000 -0.078212
	0.135000 -0.079689
	0.140000 -0.080358
	0.145000 -0.080580
	0.150000 -0.080268
	0.155000 -0.079371
	0.160000 -0.078083
	0.165000 -0.076312
	0.170000 -0.074221
	0.175000 -0.071855
	0.180000 -0.068958
	0.185000 -0.066253
	0.190000 -0.062771
	0.195000 -0.059013
	0.200000 -0.054917
	0.205000 -0.050552
	0.210000 -0.046009
	0.215000 -0.041331
	0.220000 -0.036550
	0.225000 -0.031653
	0.230000 -0.026867
	0.235000 -0.022007
	0.240000 -0.016866
	0.245000 -0.011917
	0.250000 -0.007204
	0.255000 -0.002140
	0.260000 0.002541
	0.265000 0.007439
	0.270000 0.012597
	0.275000 0.016986
	0.280000 0.021712
	0.285000 0.026569
	0.290000 0.031419
	0.295000 0.036536
	0.300000 0.040951
	0.305000 0.045521
	0.310000 0.050225
	0.315000 0.054993
	0.320000 0.059144
	0.325000 0.063816
	0.330000 0.067710
	0.335000 0.071474
	0.340000 0.075322
	0.345000 0.078747
	0.350000 0.082883
	0.355000 0.085432
	0.360000 0.088027
	0.365000 0.090529
	0.370000 0.093033
	0.375000 0.095230
	0.380000 0.097298
	0.385000 0.099322
	0.390000 0.101223
	0.395000 0.103137
	0.400000 0.104847
	0.405000 0.106664
	0.410000 0.108096
	0.415000 0.109708
	0.420000 0.111413
	0.425000 0.112993
	0.430000 0.114452
	0.435000 0.115850
	0.440000 0.116958
	0.445000 0.118506
	0.450000 0.119731
	0.455000 0.120938
	0.460000 0.121457
	0.465000 0.123153
	0.470000 0.122107
	0.475000 0.124829
	0.480000 0.121909
	0.485000 0.121437
	0.490000 0.120139
	0.495000 0.118616
	0.500000 0.116432
	0.505000 0.114253
	0.510000 0.110365
	0.515000 0.106365
	0.520000 0.101843
	0.525000 0.096924
	0.530000 0.090955
	0.535000 0.086420
	0.540000 0.080659
	0.545000 0.075698
	0.550000 0.070744
	0.555000 0.065906
	0.560000 0.062356
	0.565000 0.058686
	0.570000 0.056033
	0.575000 0.054085
	0.580000 0.052801
	0.585000 0.052075
	0.590000 0.052034
	0.595000 0.053461
	0.600000 0.055369
	0.605000 0.056311
	0.610000 0.059851
	0.615000 0.062878
	0.620000 0.065632
	0.625000 0.068607
	0.630000 0.071656
	0.635000 0.074105
	0.640000 0.077277
	0.645000 0.079882
	0.650000 0.082218
	0.655000 0.084239
	0.660000 0.086137
	0.665000 0.087738
	0.670000 0.089051
	0.675000 0.090106
	0.680000 0.090906
	0.685000 0.091398
	0.690000 0.091661
	0.695000 0.091743
	0.700000 0.091474
	0.705000 0.090945
	0.710000 0.090161
	0.715000 0.089102
	0.720000 0.087800
	0.725000 0.086488
	0.730000 0.084907
	0.735000 0.083138
	0.740000 0.080980
	0.745000 0.079150
	0.750000 0.076590
	0.755000 0.074641
	0.760000 0.072020
	0.765000 0.069927
	0.770000 0.067401
	0.775000 0.065330
	0.780000 0.063633
	0.785000 0.061589
	0.790000 0.059883
	0.795000 0.058416
	0.800000 0.056758
	0.805000 0.055722
	0.810000 0.055126
	0.815000 0.054784
	0.820000 0.054815
	0.825000 0.054863
	0.830000 0.055785
	0.835000 0.056136
	0.840000 0.057208
	0.845000 0.058854
	0.850000 0.059856
	0.855000 0.061331
	0.860000 0.062839
	0.865000 0.064136
	0.870000 0.065263
	0.875000 0.066008
	0.880000 0.066429
	0.885000 0.066010
	0.890000 0.064855
	0.895000 0.062778
	0.900000 0.059711
	0.905000 0.055181
	0.910000 0.049473
	0.915000 0.041355
	0.920000 0.032730
	0.925000 0.022514
	0.930000 0.011394
	0.935000 -0.000928
	0.940000 -0.013103
	0.945000 -0.024389
	0.950000 -0.036719
	0.955000 -0.047729
	0.960000 -0.057812
	0.965000 -0.066358
/baseTrajectory
/component
component
rotationAxis 0.000000 0.000000 -1.000000
baseTrajectory
	0.000000 -0.052380
	0.005000 -0.047622
	0.010000 -0.042190
	0.015000 -0.036138
	0.020000 -0.029521
	0.025000 -0.022332
	0.030000 -0.014649
	0.035000 -0.006552
	0.040000 0.001854
	0.045000 0.010498
	0.050000 0.019319
	0.055000 0.028139
	0.060000 0.037937
	0.065000 0.045907
	0.070000 0.054405
	0.075000 0.062435
	0.080000 0.070041
	0.085000 0.077118
	0.090000 0.083667
	0.095000 0.089908
	0.100000 0.095511
	0.105000 0.100809
	0.110000 0.105585
	0.115000 0.110106
	0.120000 0.114294
	0.125000 0.118094
	0.130000 0.121744
	0.135000 0.124963
	0.140000 0.128114
	0.145000 0.130908
	0.150000 0.133475
	0.155000 0.135847
	0.160000 0.137924
	0.165000 0.140224
	0.170000 0.141576
	0.175000 0.142618
	0.180000 0.143354
	0.185000 0.144200
	0.190000 0.144811
	0.195000 0.145252
	0.200000 0.145575
	0.205000 0.145849
	0.210000 0.145865
	0.215000 0.145866
	0.220000 0.145814
	0.225000 0.145603
	0.230000 0.145533
	0.235000 0.145531
	0.240000 0.144778
	0.245000 0.144556
	0.250000 0.144571
	0.255000 0.143937
	0.260000 0.143881
	0.265000 0.143475
	0.270000 0.143893
	0.275000 0.143601
	0.280000 0.143445
	0.285000 0.143541
	0.290000 0.143172
	0.295000 0.143889
	0.300000 0.143789
	0.305000 0.143915
	0.310000 0.144526
	0.315000 0.145225
	0.320000 0.145614
	0.325000 0.146666
	0.330000 0.147261
	0.335000 0.148151
	0.340000 0.149354
	0.345000 0.150492
	0.350000 0.152078
	0.355000 0.153321
	0.360000 0.154797
	0.365000 0.156480
	0.370000 0.158082
	0.375000 0.159818
	0.380000 0.161677
	0.385000 0.163374
	0.390000 0.165095
	0.395000 0.166356
	0.400000 0.167579
	0.405000 0.168407
	0.410000 0.169327
	0.415000 0.169523
	0.420000 0.168865
	0.425000 0.168271
	0.430000 0.167096
	0.435000 0.165501
	0.440000 0.163777
	0.445000 0.160938
	0.450000 0.158163
	0.455000 0.154871
	0.460000 0.151414
	0.465000 0.147524
	0.470000 0.143037
	0.475000 0.139105
	0.480000 0.133818
	0.485000 0.128723
	0.490000 0.123371
	0.495000 0.117760
	0.500000 0.111877
	0.505000 0.105598
	0.510000 0.099468
	0.515000 0.092942
	0.520000 0.086219
	0.525000 0.079333
	0.530000 0.071477
	0.535000 0.064660
	0.540000 0.057179
	0.545000 0.050058
	0.550000 0.042880
	0.555000 0.036750
	0.560000 0.029496
	0.565000 0.023365
	0.570000 0.017329
	0.575000 0.011561
	0.580000 0.006183
	0.585000 0.001325
	0.590000 -0.002976
	0.595000 -0.005985
	0.600000 -0.008460
	0.605000 -0.012113
	0.610000 -0.012594
	0.615000 -0.013639
	0.620000 -0.014788
	0.625000 -0.015448
	0.630000 -0.015716
	0.635000 -0.016316
	0.640000 -0.015786
	0.645000 -0.015541
	0.650000 -0.015109
	0.655000 -0.015475
	0.660000 -0.013833
	0.665000 -0.012737
	0.670000 -0.012123
	0.675000 -0.010714
	0.680000 -0.008878
	0.685000 -0.006870
	0.690000 -0.004194
	0.695000 -0.002118
	0.700000 0.000789
	0.705000 0.003821
	0.710000 0.007080
	0.715000 0.010846
	0.720000 0.014139
	0.725000 0.018079
	0.730000 0.021783
	0.735000 0.025560
	0.740000 0.029593
	0.745000 0.033528
	0.750000 0.038004
	0.755000 0.041509
	0.760000 0.045930
	0.765000 0.048996
	0.770000 0.053206
	0.775000 0.055869
	0.780000 0.060036
	0.785000 0.063072
	0.790000 0.065690
	0.795000 0.068130
	0.800000 0.069987
	0.805000 0.071664
	0.810000 0.073124
	0.815000 0.074230
	0.820000 0.074925
	0.825000 0.074807
	0.830000 0.074981
	0.835000 0.074029
	0.840000 0.072982
	0.845000 0.071523
	0.850000 0.069129
	0.855000 0.066426
	0.860000 0.063210
	0.865000 0.059327
	0.870000 0.054901
	0.875000 0.049952
	0.880000 0.044615
	0.885000 0.038413
	0.890000 0.031976
	0.895000 0.025181
	0.900000 0.018393
	0.905000 0.010753
	0.910000 0.003390
	0.915000 -0.004154
	0.920000 -0.011058
	0.925000 -0.017794
	0.930000 -0.024422
	0.935000 -0.030516
	0.940000 -0.035687
	0.945000 -0.039452
	0.950000 -0.043670
	0.955000 -0.046806
	0.960000 -0.049320
	0.965000 -0.050919
/baseTrajectory
/component
/trajectory

trajectory knee_l
component
rotationAxis -1.000000 0.000000 0.000000
baseTrajectory
	0.000000 -0.052188
	0.005000 -0.055538
	0.010000 -0.059736
	0.015000 -0.064805
	0.020000 -0.070726
	0.025000 -0.077427
	0.030000 -0.084795
	0.035000 -0.092856
	0.040000 -0.101513
	0.045000 -0.110865
	0.050000 -0.121423
	0.055000 -0.131473
	0.060000 -0.142261
	0.065000 -0.153262
	0.070000 -0.164557
	0.075000 -0.176360
	0.080000 -0.188321
	0.085000 -0.200370
	0.090000 -0.212300
	0.095000 -0.223735
	0.100000 -0.234993
	0.105000 -0.245480
	0.110000 -0.255412
	0.115000 -0.264431
	0.120000 -0.272436
	0.125000 -0.279619
	0.130000 -0.285524
	0.135000 -0.290504
	0.140000 -0.294291
	0.145000 -0.297057
	0.150000 -0.298788
	0.155000 -0.299497
	0.160000 -0.299315
	0.165000 -0.297961
	0.170000 -0.296360
	0.175000 -0.294174
	0.180000 -0.291381
	0.185000 -0.288065
	0.190000 -0.284249
	0.195000 -0.279912
	0.200000 -0.275367
	0.205000 -0.270326
	0.210000 -0.265288
	0.215000 -0.259963
	0.220000 -0.254503
	0.225000 -0.248999
	0.230000 -0.243309
	0.235000 -0.237539
	0.240000 -0.232127
	0.245000 -0.226382
	0.250000 -0.220533
	0.255000 -0.214957
	0.260000 -0.209006
	0.265000 -0.203343
	0.270000 -0.197216
	0.275000 -0.191445
	0.280000 -0.185665
	0.285000 -0.179779
	0.290000 -0.174138
	0.295000 -0.167995
	0.300000 -0.162317
	0.305000 -0.156561
	0.310000 -0.150743
	0.315000 -0.144953
	0.320000 -0.139356
	0.325000 -0.133659
	0.330000 -0.128298
	0.335000 -0.123021
	0.340000 -0.117794
	0.345000 -0.112841
	0.350000 -0.107708
	0.355000 -0.103268
	0.360000 -0.098916
	0.365000 -0.094839
	0.370000 -0.090925
	0.375000 -0.087279
	0.380000 -0.084042
	0.385000 -0.080945
	0.390000 -0.078557
	0.395000 -0.075880
	0.400000 -0.073925
	0.405000 -0.072306
	0.410000 -0.071900
	0.415000 -0.071302
	0.420000 -0.070443
	0.425000 -0.070942
	0.430000 -0.071805
	0.435000 -0.073285
	0.440000 -0.075825
	0.445000 -0.077776
	0.450000 -0.081061
	0.455000 -0.084821
	0.460000 -0.089414
	0.465000 -0.094484
	0.470000 -0.100550
	0.475000 -0.105945
	0.480000 -0.114546
	0.485000 -0.122956
	0.490000 -0.131908
	0.495000 -0.141828
	0.500000 -0.152557
	0.505000 -0.163852
	0.510000 -0.176964
	0.515000 -0.190702
	0.520000 -0.205456
	0.525000 -0.221223
	0.530000 -0.237973
	0.535000 -0.255853
	0.540000 -0.274694
	0.545000 -0.294630
	0.550000 -0.315521
	0.555000 -0.337345
	0.560000 -0.360514
	0.565000 -0.384099
	0.570000 -0.409040
	0.575000 -0.434889
	0.580000 -0.461672
	0.585000 -0.489462
	0.590000 -0.518092
	0.595000 -0.547378
	0.600000 -0.577030
	0.605000 -0.607526
	0.610000 -0.638044
	0.615000 -0.668611
	0.620000 -0.699582
	0.625000 -0.730258
	0.630000 -0.760531
	0.635000 -0.790424
	0.640000 -0.819342
	0.645000 -0.847468
	0.650000 -0.874531
	0.655000 -0.900419
	0.660000 -0.924906
	0.665000 -0.947872
	0.670000 -0.969292
	0.675000 -0.989073
	0.680000 -1.007085
	0.685000 -1.023273
	0.690000 -1.037296
	0.695000 -1.050197
	0.700000 -1.060803
	0.705000 -1.069525
	0.710000 -1.076367
	0.715000 -1.080979
	0.720000 -1.084416
	0.725000 -1.085439
	0.730000 -1.084922
	0.735000 -1.082674
	0.740000 -1.078954
	0.745000 -1.073110
	0.750000 -1.065625
	0.755000 -1.056896
	0.760000 -1.046050
	0.765000 -1.034497
	0.770000 -1.020575
	0.775000 -1.006333
	0.780000 -0.989627
	0.785000 -0.972147
	0.790000 -0.953396
	0.795000 -0.933411
	0.800000 -0.912243
	0.805000 -0.889923
	0.810000 -0.866474
	0.815000 -0.841959
	0.820000 -0.816360
	0.825000 -0.790010
	0.830000 -0.762228
	0.835000 -0.733946
	0.840000 -0.704518
	0.845000 -0.674314
	0.850000 -0.643581
	0.855000 -0.612073
	0.860000 -0.580018
	0.865000 -0.547639
	0.870000 -0.514923
	0.875000 -0.482099
	0.880000 -0.449183
	0.885000 -0.416727
	0.890000 -0.384510
	0.895000 -0.352906
	0.900000 -0.321909
	0.905000 -0.292339
	0.910000 -0.263716
	0.915000 -0.237429
	0.920000 -0.211658
	0.925000 -0.187835
	0.930000 -0.166137
	0.935000 -0.146182
	0.940000 -0.127663
	0.945000 -0.109850
	0.950000 -0.095537
	0.955000 -0.082147
	0.960000 -0.070555
	0.965000 -0.060301
/baseTrajectory
/component
/trajectory

trajectory ankle_l
component
rotationAxis -0.979126 0.174022 0.105014
baseTrajectory
	0.000000 0.002496
	0.005000 -0.012546
	0.010000 -0.029611
	0.015000 -0.048076
	0.020000 -0.067681
	0.025000 -0.087955
	0.030000 -0.108285
	0.035000 -0.128061
	0.040000 -0.146537
	0.045000 -0.163119
	0.050000 -0.176800
	0.055000 -0.188186
	0.060000 -0.196071
	0.065000 -0.201699
	0.070000 -0.204121
	0.075000 -0.203073
	0.080000 -0.198792
	0.085000 -0.191215
	0.090000 -0.181898
	0.095000 -0.170801
	0.100000 -0.157901
	0.105000 -0.144284
	0.110000 -0.129783
	0.115000 -0.115364
	0.120000 -0.101146
	0.125000 -0.086963
	0.130000 -0.073906
	0.135000 -0.061119
	0.140000 -0.049705
	0.145000 -0.039027
	0.150000 -0.029295
	0.155000 -0.020620
	0.160000 -0.012757
	0.165000 -0.005880
	0.170000 0.000574
	0.175000 0.006458
	0.180000 0.012108
	0.185000 0.016568
	0.190000 0.020922
	0.195000 0.024946
	0.200000 0.028606
	0.205000 0.031876
	0.210000 0.035346
	0.215000 0.038596
	0.220000 0.041725
	0.225000 0.044971
	0.230000 0.047978
	0.235000 0.050932
	0.240000 0.054646
	0.245000 0.058011
	0.250000 0.061021
	0.255000 0.065533
	0.260000 0.069537
	0.265000 0.073948
	0.270000 0.077638
	0.275000 0.081877
	0.280000 0.086224
	0.285000 0.090294
	0.290000 0.094651
	0.295000 0.098340
	0.300000 0.102548
	0.305000 0.106680
	0.310000 0.110628
	0.315000 0.114742
	0.320000 0.118405
	0.325000 0.122434
	0.330000 0.126195
	0.335000 0.130194
	0.340000 0.134167
	0.345000 0.138193
	0.350000 0.141698
	0.355000 0.146197
	0.360000 0.150569
	0.365000 0.154844
	0.370000 0.159277
	0.375000 0.163707
	0.380000 0.168063
	0.385000 0.172530
	0.390000 0.177076
	0.395000 0.181527
	0.400000 0.186005
	0.405000 0.190406
	0.410000 0.194802
	0.415000 0.198959
	0.420000 0.202695
	0.425000 0.206469
	0.430000 0.209861
	0.435000 0.212979
	0.440000 0.215893
	0.445000 0.218199
	0.450000 0.220232
	0.455000 0.221888
	0.460000 0.222850
	0.465000 0.223732
	0.470000 0.223693
	0.475000 0.222097
	0.480000 0.221926
	0.485000 0.220236
	0.490000 0.217631
	0.495000 0.214149
	0.500000 0.209697
	0.505000 0.204419
	0.510000 0.197169
	0.515000 0.188923
	0.520000 0.179038
	0.525000 0.167569
	0.530000 0.154669
	0.535000 0.139378
	0.540000 0.122379
	0.545000 0.103201
	0.550000 0.082077
	0.555000 0.058885
	0.560000 0.034429
	0.565000 0.007765
	0.570000 -0.019638
	0.575000 -0.047597
	0.580000 -0.075855
	0.585000 -0.103645
	0.590000 -0.130606
	0.595000 -0.156060
	0.600000 -0.180334
	0.605000 -0.201846
	0.610000 -0.220839
	0.615000 -0.237875
	0.620000 -0.250752
	0.625000 -0.261180
	0.630000 -0.268846
	0.635000 -0.273549
	0.640000 -0.275846
	0.645000 -0.275648
	0.650000 -0.273279
	0.655000 -0.268644
	0.660000 -0.263486
	0.665000 -0.256605
	0.670000 -0.248561
	0.675000 -0.240091
	0.680000 -0.231179
	0.685000 -0.221824
	0.690000 -0.211518
	0.695000 -0.202812
	0.700000 -0.193036
	0.705000 -0.183294
	0.710000 -0.173534
	0.715000 -0.163593
	0.720000 -0.154051
	0.725000 -0.144744
	0.730000 -0.135538
	0.735000 -0.126323
	0.740000 -0.117404
	0.745000 -0.108101
	0.750000 -0.099578
	0.755000 -0.090124
	0.760000 -0.082159
	0.765000 -0.072767
	0.770000 -0.065734
	0.775000 -0.056631
	0.780000 -0.050687
	0.785000 -0.044069
	0.790000 -0.037650
	0.795000 -0.031901
	0.800000 -0.026838
	0.805000 -0.022137
	0.810000 -0.017986
	0.815000 -0.014311
	0.820000 -0.011109
	0.825000 -0.007312
	0.830000 -0.005701
	0.835000 -0.003062
	0.840000 -0.001500
	0.845000 -0.000294
	0.850000 0.000844
	0.855000 0.001516
	0.860000 0.001944
	0.865000 0.002000
	0.870000 0.001782
	0.875000 0.001330
	0.880000 0.000802
	0.885000 -0.000297
	0.890000 -0.001368
	0.895000 -0.002465
	0.900000 -0.002883
	0.905000 -0.004416
	0.910000 -0.005419
	0.915000 -0.003286
	0.920000 -0.003266
	0.925000 -0.002480
	0.930000 -0.001659
	0.935000 -0.000188
	0.940000 0.000881
	0.945000 0.001394
	0.950000 0.002480
	0.955000 0.002998
	0.960000 0.003313
	0.965000 0.003365
/baseTrajectory
/component
/trajectory

trajectory subtalar_l
component
rotationAxis 0.120949 -0.604747 -0.787180
baseTrajectory
	0.000000 -0.088181
	0.005000 -0.103546
	0.010000 -0.120125
	0.015000 -0.136933
	0.020000 -0.153830
	0.025000 -0.170490
	0.030000 -0.186187
	0.035000 -0.200712
	0.040000 -0.213387
	0.045000 -0.223859
	0.050000 -0.231003
	0.055000 -0.237047
	0.060000 -0.238144
	0.065000 -0.241913
	0.070000 -0.241914
	0.075000 -0.239107
	0.080000 -0.233837
	0.085000 -0.224458
	0.090000 -0.217135
	0.095000 -0.207868
	0.100000 -0.196896
	0.105000 -0.186088
	0.110000 -0.174803
	0.115000 -0.164159
	0.120000 -0.154154
	0.125000 -0.144190
	0.130000 -0.136179
	0.135000 -0.127775
	0.140000 -0.121966
	0.145000 -0.116429
	0.150000 -0.111844
	0.155000 -0.108642
	0.160000 -0.106080
	0.165000 -0.104729
	0.170000 -0.103715
	0.175000 -0.103081
	0.180000 -0.103159
	0.185000 -0.103617
	0.190000 -0.104962
	0.195000 -0.106727
	0.200000 -0.108921
	0.205000 -0.111400
	0.210000 -0.113869
	0.215000 -0.116390
	0.220000 -0.118930
	0.225000 -0.121216
	0.230000 -0.123597
	0.235000 -0.126196
	0.240000 -0.127193
	0.245000 -0.128889
	0.250000 -0.131023
	0.255000 -0.130971
	0.260000 -0.131835
	0.265000 -0.131935
	0.270000 -0.134283
	0.275000 -0.134241
	0.280000 -0.134675
	0.285000 -0.135776
	0.290000 -0.135660
	0.295000 -0.138685
	0.300000 -0.139055
	0.305000 -0.139913
	0.310000 -0.142200
	0.315000 -0.145151
	0.320000 -0.145987
	0.325000 -0.149621
	0.330000 -0.150519
	0.335000 -0.152064
	0.340000 -0.154573
	0.345000 -0.155898
	0.350000 -0.159502
	0.355000 -0.159386
	0.360000 -0.159759
	0.365000 -0.160332
	0.370000 -0.159990
	0.375000 -0.159554
	0.380000 -0.158825
	0.385000 -0.157290
	0.390000 -0.155354
	0.395000 -0.152357
	0.400000 -0.148896
	0.405000 -0.144882
	0.410000 -0.140363
	0.415000 -0.135208
	0.420000 -0.129634
	0.425000 -0.123524
	0.430000 -0.117076
	0.435000 -0.110266
	0.440000 -0.102851
	0.445000 -0.095913
	0.450000 -0.088104
	0.455000 -0.080453
	0.460000 -0.071668
	0.465000 -0.065257
	0.470000 -0.053938
	0.475000 -0.049564
	0.480000 -0.036480
	0.485000 -0.027803
	0.490000 -0.018562
	0.495000 -0.009444
	0.500000 -0.000014
	0.505000 0.009361
	0.510000 0.019076
	0.515000 0.028853
	0.520000 0.038592
	0.525000 0.048035
	0.530000 0.059344
	0.535000 0.067028
	0.540000 0.075577
	0.545000 0.082537
	0.550000 0.088775
	0.555000 0.091812
	0.560000 0.096728
	0.565000 0.097271
	0.570000 0.097648
	0.575000 0.096759
	0.580000 0.094355
	0.585000 0.090469
	0.590000 0.084872
	0.595000 0.076963
	0.600000 0.067320
	0.605000 0.058136
	0.610000 0.045342
	0.615000 0.032562
	0.620000 0.019675
	0.625000 0.006036
	0.630000 -0.007974
	0.635000 -0.021681
	0.640000 -0.036065
	0.645000 -0.049942
	0.650000 -0.063384
	0.655000 -0.075252
	0.660000 -0.088228
	0.665000 -0.099660
	0.670000 -0.109491
	0.675000 -0.118802
	0.680000 -0.127124
	0.685000 -0.134368
	0.690000 -0.140634
	0.695000 -0.145801
	0.700000 -0.150167
	0.705000 -0.153833
	0.710000 -0.156885
	0.715000 -0.160385
	0.720000 -0.162152
	0.725000 -0.166188
	0.730000 -0.169908
	0.735000 -0.173632
	0.740000 -0.176616
	0.745000 -0.181411
	0.750000 -0.187247
	0.755000 -0.192299
	0.760000 -0.199722
	0.765000 -0.205108
	0.770000 -0.213517
	0.775000 -0.219232
	0.780000 -0.228619
	0.785000 -0.236009
	0.790000 -0.243000
	0.795000 -0.249927
	0.800000 -0.255651
	0.805000 -0.261273
	0.810000 -0.266453
	0.815000 -0.270976
	0.820000 -0.274603
	0.825000 -0.277235
	0.830000 -0.279344
	0.835000 -0.280609
	0.840000 -0.281091
	0.845000 -0.281060
	0.850000 -0.280498
	0.855000 -0.279386
	0.860000 -0.277982
	0.865000 -0.276296
	0.870000 -0.274356
	0.875000 -0.272207
	0.880000 -0.269796
	0.885000 -0.267067
	0.890000 -0.263889
	0.895000 -0.260137
	0.900000 -0.255005
	0.905000 -0.249860
	0.910000 -0.243406
	0.915000 -0.229281
	0.920000 -0.219417
	0.925000 -0.207058
	0.930000 -0.192588
	0.935000 -0.177436
	0.940000 -0.162493
	0.945000 -0.150719
	0.950000 -0.133402
	0.955000 -0.119993
	0.960000 -0.107497
	0.965000 -0.097722
/baseTrajectory
/component
/trajectory

trajectory knee_r
component
rotationAxis -1.000000 0.000000 0.000000
baseTrajectory
	0.000000 -0.264278
	0.005000 -0.277501
	0.010000 -0.291899
	0.015000 -0.307441
	0.020000 -0.324084
	0.025000 -0.341907
	0.030000 -0.360839
	0.035000 -0.380922
	0.040000 -0.402176
	0.045000 -0.424504
	0.050000 -0.447984
	0.055000 -0.472554
	0.060000 -0.498393
	0.065000 -0.525010
	0.070000 -0.552579
	0.075000 -0.581081
	0.080000 -0.610423
	0.085000 -0.640165
	0.090000 -0.670902
	0.095000 -0.701947
	0.100000 -0.733027
	0.105000 -0.764221
	0.110000 -0.795128
	0.115000 -0.825713
	0.120000 -0.855698
	0.125000 -0.884802
	0.130000 -0.913077
	0.135000 -0.940048
	0.140000 -0.965969
	0.145000 -0.990416
	0.150000 -1.013374
	0.155000 -1.034804
	0.160000 -1.054584
	0.165000 -1.072720
	0.170000 -1.089094
	0.175000 -1.103721
	0.180000 -1.116238
	0.185000 -1.127846
	0.190000 -1.137327
	0.195000 -1.144968
	0.200000 -1.150964
	0.205000 -1.155190
	0.210000 -1.157738
	0.215000 -1.158628
	0.220000 -1.157921
	0.225000 -1.155589
	0.230000 -1.151754
	0.235000 -1.146619
	0.240000 -1.139625
	0.245000 -1.131475
	0.250000 -1.122144
	0.255000 -1.110183
	0.260000 -1.097234
	0.265000 -1.082856
	0.270000 -1.067692
	0.275000 -1.050914
	0.280000 -1.033055
	0.285000 -1.014172
	0.290000 -0.993888
	0.295000 -0.973083
	0.300000 -0.950686
	0.305000 -0.927338
	0.310000 -0.903161
	0.315000 -0.878015
	0.320000 -0.851556
	0.325000 -0.824547
	0.330000 -0.796222
	0.335000 -0.767198
	0.340000 -0.737485
	0.345000 -0.706968
	0.350000 -0.676108
	0.355000 -0.644379
	0.360000 -0.612475
	0.365000 -0.580498
	0.370000 -0.548453
	0.375000 -0.516770
	0.380000 -0.485649
	0.385000 -0.455213
	0.390000 -0.426021
	0.395000 -0.397547
	0.400000 -0.370778
	0.405000 -0.345543
	0.410000 -0.322771
	0.415000 -0.301325
	0.420000 -0.281247
	0.425000 -0.263822
	0.430000 -0.248159
	0.435000 -0.234453
	0.440000 -0.222996
	0.445000 -0.212415
	0.450000 -0.204219
	0.455000 -0.197531
	0.460000 -0.192643
	0.465000 -0.189035
	0.470000 -0.187051
	0.475000 -0.187584
	0.480000 -0.187259
	0.485000 -0.189692
	0.490000 -0.193531
	0.495000 -0.198613
	0.500000 -0.204966
	0.505000 -0.212585
	0.510000 -0.221090
	0.515000 -0.230776
	0.520000 -0.241286
	0.525000 -0.252654
	0.530000 -0.264406
	0.535000 -0.277089
	0.540000 -0.289829
	0.545000 -0.303068
	0.550000 -0.316241
	0.555000 -0.330213
	0.560000 -0.342563
	0.565000 -0.355680
	0.570000 -0.367847
	0.575000 -0.379335
	0.580000 -0.389945
	0.585000 -0.399827
	0.590000 -0.408981
	0.595000 -0.417541
	0.600000 -0.425369
	0.605000 -0.431510
	0.610000 -0.437757
	0.615000 -0.442890
	0.620000 -0.446812
	0.625000 -0.449906
	0.630000 -0.452190
	0.635000 -0.453762
	0.640000 -0.454340
	0.645000 -0.454167
	0.650000 -0.453317
	0.655000 -0.451050
	0.660000 -0.449486
	0.665000 -0.446721
	0.670000 -0.442966
	0.675000 -0.439094
	0.680000 -0.434898
	0.685000 -0.430230
	0.690000 -0.425230
	0.695000 -0.419815
	0.700000 -0.414255
	0.705000 -0.408417
	0.710000 -0.402389
	0.715000 -0.396055
	0.720000 -0.389912
	0.725000 -0.384107
	0.730000 -0.378355
	0.735000 -0.372592
	0.740000 -0.367676
	0.745000 -0.361572
	0.750000 -0.356604
	0.755000 -0.350501
	0.760000 -0.345337
	0.765000 -0.339523
	0.770000 -0.334249
	0.775000 -0.328749
	0.780000 -0.323808
	0.785000 -0.318890
	0.790000 -0.313683
	0.795000 -0.308731
	0.800000 -0.303702
	0.805000 -0.298917
	0.810000 -0.294308
	0.815000 -0.289867
	0.820000 -0.285627
	0.825000 -0.281882
	0.830000 -0.277422
	0.835000 -0.273966
	0.840000 -0.270057
	0.845000 -0.266368
	0.850000 -0.263372
	0.855000 -0.260095
	0.860000 -0.257035
	0.865000 -0.254292
	0.870000 -0.251726
	0.875000 -0.249307
	0.880000 -0.247020
	0.885000 -0.245327
	0.890000 -0.243612
	0.895000 -0.242149
	0.900000 -0.240762
	0.905000 -0.240139
	0.910000 -0.239555
	0.915000 -0.238674
	0.920000 -0.238845
	0.925000 -0.239367
	0.930000 -0.240257
	0.935000 -0.241744
	0.940000 -0.243592
	0.945000 -0.245841
	0.950000 -0.248584
	0.955000 -0.251806
	0.960000 -0.255525
	0.965000 -0.259713
/baseTrajectory
/component
/trajectory

trajectory ankle_r
component
rotationAxis -0.979126 -0.174022 -0.105014
baseTrajectory
	0.000000 0.276997
	0.005000 0.264613
	0.010000 0.250764
	0.015000 0.235254
	0.020000 0.217935
	0.025000 0.198869
	0.030000 0.177929
	0.035000 0.155187
	0.040000 0.130761
	0.045000 0.104577
	0.050000 0.077361
	0.055000 0.048460
	0.060000 0.019812
	0.065000 -0.011015
	0.070000 -0.041606
	0.075000 -0.072045
	0.080000 -0.101942
	0.085000 -0.131430
	0.090000 -0.158779
	0.095000 -0.184865
	0.100000 -0.209246
	0.105000 -0.231192
	0.110000 -0.250917
	0.115000 -0.267947
	0.120000 -0.282227
	0.125000 -0.293810
	0.130000 -0.302403
	0.135000 -0.308442
	0.140000 -0.311461
	0.145000 -0.312128
	0.150000 -0.310363
	0.155000 -0.306195
	0.160000 -0.300275
	0.165000 -0.292726
	0.170000 -0.283817
	0.175000 -0.273763
	0.180000 -0.263041
	0.185000 -0.251343
	0.190000 -0.238737
	0.195000 -0.226355
	0.200000 -0.213954
	0.205000 -0.201753
	0.210000 -0.190149
	0.215000 -0.178853
	0.220000 -0.168009
	0.225000 -0.157782
	0.230000 -0.147751
	0.235000 -0.137984
	0.240000 -0.129721
	0.245000 -0.120465
	0.250000 -0.111316
	0.255000 -0.103387
	0.260000 -0.094127
	0.265000 -0.086199
	0.270000 -0.076836
	0.275000 -0.068975
	0.280000 -0.061080
	0.285000 -0.053325
	0.290000 -0.047160
	0.295000 -0.038868
	0.300000 -0.033057
	0.305000 -0.027188
	0.310000 -0.020958
	0.315000 -0.015416
	0.320000 -0.011272
	0.325000 -0.006550
	0.330000 -0.003180
	0.335000 0.000096
	0.340000 0.003055
	0.345000 0.005425
	0.350000 0.007992
	0.355000 0.009414
	0.360000 0.011097
	0.365000 0.012788
	0.370000 0.014379
	0.375000 0.016178
	0.380000 0.018411
	0.385000 0.020868
	0.390000 0.023878
	0.395000 0.026996
	0.400000 0.030803
	0.405000 0.034813
	0.410000 0.039619
	0.415000 0.044242
	0.420000 0.048855
	0.425000 0.053391
	0.430000 0.057720
	0.435000 0.061591
	0.440000 0.064480
	0.445000 0.066752
	0.450000 0.068021
	0.455000 0.067909
	0.460000 0.066565
	0.465000 0.063540
	0.470000 0.059183
	0.475000 0.052937
	0.480000 0.044438
	0.485000 0.034794
	0.490000 0.023113
	0.495000 0.009909
	0.500000 -0.004783
	0.505000 -0.021019
	0.510000 -0.037220
	0.515000 -0.053994
	0.520000 -0.070477
	0.525000 -0.086393
	0.530000 -0.100991
	0.535000 -0.113559
	0.540000 -0.125390
	0.545000 -0.133786
	0.550000 -0.140207
	0.555000 -0.142907
	0.560000 -0.144021
	0.565000 -0.142104
	0.570000 -0.138220
	0.575000 -0.132370
	0.580000 -0.124948
	0.585000 -0.116300
	0.590000 -0.106576
	0.595000 -0.095206
	0.600000 -0.083555
	0.605000 -0.072859
	0.610000 -0.059746
	0.615000 -0.047720
	0.620000 -0.036087
	0.625000 -0.024982
	0.630000 -0.014238
	0.635000 -0.004451
	0.640000 0.005556
	0.645000 0.014619
	0.650000 0.023029
	0.655000 0.030018
	0.660000 0.038024
	0.665000 0.044801
	0.670000 0.050547
	0.675000 0.056325
	0.680000 0.061845
	0.685000 0.067013
	0.690000 0.072385
	0.695000 0.076516
	0.700000 0.081021
	0.705000 0.085356
	0.710000 0.089600
	0.715000 0.093703
	0.720000 0.097889
	0.725000 0.101237
	0.730000 0.104581
	0.735000 0.107938
	0.740000 0.113005
	0.745000 0.115846
	0.750000 0.121289
	0.755000 0.123791
	0.760000 0.128910
	0.765000 0.131580
	0.770000 0.136566
	0.775000 0.139478
	0.780000 0.144508
	0.785000 0.149074
	0.790000 0.152823
	0.795000 0.156937
	0.800000 0.161021
	0.805000 0.165097
	0.810000 0.169283
	0.815000 0.173583
	0.820000 0.177906
	0.825000 0.182552
	0.830000 0.186512
	0.835000 0.191626
	0.840000 0.196024
	0.845000 0.200028
	0.850000 0.205468
	0.855000 0.210033
	0.860000 0.214539
	0.865000 0.219314
	0.870000 0.223992
	0.875000 0.228598
	0.880000 0.232836
	0.885000 0.237748
	0.890000 0.242253
	0.895000 0.246591
	0.900000 0.250087
	0.905000 0.254708
	0.910000 0.258687
	0.915000 0.261297
	0.920000 0.264574
	0.925000 0.267580
	0.930000 0.270514
	0.935000 0.272815
	0.940000 0.274845
	0.945000 0.276402
	0.950000 0.277853
	0.955000 0.278491
	0.960000 0.278605
	0.965000 0.278209
/baseTrajectory
/component
/trajectory

trajectory subtalar_r
component
rotationAxis 0.120949 0.604747 0.787180
baseTrajectory
	0.000000 -0.104134
	0.005000 -0.100355
	0.010000 -0.096428
	0.015000 -0.092641
	0.020000 -0.089050
	0.025000 -0.085973
	0.030000 -0.083750
	0.035000 -0.082642
	0.040000 -0.083056
	0.045000 -0.085160
	0.050000 -0.089222
	0.055000 -0.095102
	0.060000 -0.100632
	0.065000 -0.112897
	0.070000 -0.125877
	0.075000 -0.141076
	0.080000 -0.158270
	0.085000 -0.177104
	0.090000 -0.196702
	0.095000 -0.217567
	0.100000 -0.239015
	0.105000 -0.260238
	0.110000 -0.281431
	0.115000 -0.302048
	0.120000 -0.321829
	0.125000 -0.340939
	0.130000 -0.358272
	0.135000 -0.375003
	0.140000 -0.389431
	0.145000 -0.402790
	0.150000 -0.414350
	0.155000 -0.423899
	0.160000 -0.431886
	0.165000 -0.437910
	0.170000 -0.442778
	0.175000 -0.446037
	0.180000 -0.449334
	0.185000 -0.447722
	0.190000 -0.445258
	0.195000 -0.442460
	0.200000 -0.438558
	0.205000 -0.434104
	0.210000 -0.429541
	0.215000 -0.424667
	0.220000 -0.419877
	0.225000 -0.415350
	0.230000 -0.410672
	0.235000 -0.406184
	0.240000 -0.402879
	0.245000 -0.398357
	0.250000 -0.393929
	0.255000 -0.391454
	0.260000 -0.387491
	0.265000 -0.384418
	0.270000 -0.379040
	0.275000 -0.375642
	0.280000 -0.371023
	0.285000 -0.365529
	0.290000 -0.360746
	0.295000 -0.353085
	0.300000 -0.347721
	0.305000 -0.341119
	0.310000 -0.333413
	0.315000 -0.325762
	0.320000 -0.319190
	0.325000 -0.310502
	0.330000 -0.304083
	0.335000 -0.296852
	0.340000 -0.288976
	0.345000 -0.282273
	0.350000 -0.273648
	0.355000 -0.267761
	0.360000 -0.260341
	0.365000 -0.252057
	0.370000 -0.244066
	0.375000 -0.234395
	0.380000 -0.222921
	0.385000 -0.210656
	0.390000 -0.195640
	0.395000 -0.180992
	0.400000 -0.163148
	0.405000 -0.144238
	0.410000 -0.121553
	0.415000 -0.099434
	0.420000 -0.078110
	0.425000 -0.054392
	0.430000 -0.032023
	0.435000 -0.010531
	0.440000 0.009784
	0.445000 0.025688
	0.450000 0.040734
	0.455000 0.051458
	0.460000 0.059495
	0.465000 0.061765
	0.470000 0.061764
	0.475000 0.059068
	0.480000 0.046293
	0.485000 0.033411
	0.490000 0.016219
	0.495000 -0.003746
	0.500000 -0.026792
	0.505000 -0.051956
	0.510000 -0.078822
	0.515000 -0.106711
	0.520000 -0.134778
	0.525000 -0.162613
	0.530000 -0.189760
	0.535000 -0.215424
	0.540000 -0.238979
	0.545000 -0.260312
	0.550000 -0.279069
	0.555000 -0.292379
	0.560000 -0.308329
	0.565000 -0.316105
	0.570000 -0.324355
	0.575000 -0.331050
	0.580000 -0.335846
	0.585000 -0.339370
	0.590000 -0.341450
	0.595000 -0.341847
	0.600000 -0.339987
	0.605000 -0.338684
	0.610000 -0.335044
	0.615000 -0.330335
	0.620000 -0.327020
	0.625000 -0.323105
	0.630000 -0.318919
	0.635000 -0.315328
	0.640000 -0.311287
	0.645000 -0.307713
	0.650000 -0.304574
	0.655000 -0.302209
	0.660000 -0.299802
	0.665000 -0.297530
	0.670000 -0.295791
	0.675000 -0.294344
	0.680000 -0.293064
	0.685000 -0.291895
	0.690000 -0.291344
	0.695000 -0.289508
	0.700000 -0.288271
	0.705000 -0.286840
	0.710000 -0.285152
	0.715000 -0.284031
	0.720000 -0.280973
	0.725000 -0.278542
	0.730000 -0.275377
	0.735000 -0.271827
	0.740000 -0.263966
	0.745000 -0.261020
	0.750000 -0.252134
	0.755000 -0.249484
	0.760000 -0.241059
	0.765000 -0.238089
	0.770000 -0.229797
	0.775000 -0.226513
	0.780000 -0.217317
	0.785000 -0.210692
	0.790000 -0.205475
	0.795000 -0.199904
	0.800000 -0.195226
	0.805000 -0.190453
	0.810000 -0.185491
	0.815000 -0.180594
	0.820000 -0.175973
	0.825000 -0.172697
	0.830000 -0.167952
	0.835000 -0.164930
	0.840000 -0.161494
	0.845000 -0.157830
	0.850000 -0.155406
	0.855000 -0.152849
	0.860000 -0.150413
	0.865000 -0.148325
	0.870000 -0.146418
	0.875000 -0.144709
	0.880000 -0.143143
	0.885000 -0.141834
	0.890000 -0.140559
	0.895000 -0.139398
	0.900000 -0.138587
	0.905000 -0.137398
	0.910000 -0.136154
	0.915000 -0.136344
	0.920000 -0.134927
	0.925000 -0.133176
	0.930000 -0.131272
	0.935000 -0.128902
	0.940000 -0.126124
	0.945000 -0.123256
	0.950000 -0.119674
	0.955000 -0.116094
	0.960000 -0.112206
	0.965000 -0.108464
/baseTrajectory
/component
/trajectory

