trajectory lHip
component
rotationAxis -1.000000 0.000000 0.000000
baseTrajectory
	0.000000 -0.198856
	0.005155 -0.204913
	0.010309 -0.208859
	0.015464 -0.211571
	0.020619 -0.212234
	0.025773 -0.211043
	0.030928 -0.207774
	0.036082 -0.203778
	0.041237 -0.198929
	0.046392 -0.192815
	0.051546 -0.186004
	0.056701 -0.177808
	0.061856 -0.169153
	0.067010 -0.157442
	0.072165 -0.145632
	0.077320 -0.132336
	0.082474 -0.117877
	0.087629 -0.102946
	0.092784 -0.085915
	0.097938 -0.069655
	0.103093 -0.050776
	0.108247 -0.032355
	0.113402 -0.013599
	0.118557 0.004441
	0.123711 0.024492
	0.128866 0.043551
	0.134021 0.062458
	0.139175 0.081272
	0.144330 0.099900
	0.149485 0.118351
	0.154639 0.136413
	0.159794 0.154862
	0.164948 0.172772
	0.170103 0.190488
	0.175258 0.208419
	0.180412 0.226280
	0.185567 0.244120
	0.190722 0.261706
	0.195876 0.279065
	0.201031 0.296155
	0.206186 0.312736
	0.211340 0.328918
	0.216495 0.344605
	0.221649 0.359730
	0.226804 0.374258
	0.231959 0.388124
	0.237113 0.401292
	0.242268 0.413756
	0.247423 0.425513
	0.252577 0.436711
	0.257732 0.447015
	0.262887 0.456623
	0.268041 0.465444
	0.273196 0.473638
	0.278351 0.480944
	0.283505 0.488054
	0.288660 0.495212
	0.293814 0.500311
	0.298969 0.506225
	0.304124 0.509909
	0.309278 0.514264
	0.314433 0.518114
	0.319588 0.521479
	0.324742 0.524407
	0.329897 0.527726
	0.335052 0.528880
	0.340206 0.531015
	0.345361 0.532322
	0.350515 0.532678
	0.355670 0.532970
	0.360825 0.532223
	0.365979 0.530749
	0.371134 0.529396
	0.376289 0.527451
	0.381443 0.524896
	0.386598 0.522285
	0.391753 0.518648
	0.396907 0.514967
	0.402062 0.511282
	0.407216 0.507392
	0.412371 0.503546
	0.417526 0.499778
	0.422680 0.496599
	0.427835 0.492249
	0.432990 0.489749
	0.438144 0.486012
	0.443299 0.483320
	0.448454 0.481469
	0.453608 0.478686
	0.458763 0.476120
	0.463918 0.474740
	0.469072 0.473478
	0.474227 0.472879
	0.479381 0.469738
	0.484536 0.470294
	0.489691 0.467670
	0.494845 0.467497
	0.500000 0.466611
	0.505155 0.466176
	0.510309 0.466162
	0.515464 0.466205
	0.520619 0.466473
	0.525773 0.467031
	0.530928 0.467758
	0.536082 0.468498
	0.541237 0.470060
	0.546392 0.469538
	0.551546 0.472304
	0.556701 0.472671
	0.561856 0.473579
	0.567010 0.473161
	0.572165 0.473338
	0.577320 0.473371
	0.582474 0.473380
	0.587629 0.472983
	0.592784 0.470496
	0.597938 0.469913
	0.603093 0.468174
	0.608247 0.466188
	0.613402 0.464751
	0.618557 0.462252
	0.623711 0.459415
	0.628866 0.456059
	0.634021 0.452328
	0.639175 0.448112
	0.644330 0.443411
	0.649485 0.438189
	0.654639 0.432505
	0.659794 0.424865
	0.664948 0.419573
	0.670103 0.412260
	0.675258 0.404618
	0.680412 0.396054
	0.685567 0.387853
	0.690722 0.379363
	0.695876 0.370852
	0.701031 0.362135
	0.706186 0.353379
	0.711340 0.343273
	0.716495 0.335788
	0.721649 0.325927
	0.726804 0.318348
	0.731959 0.308413
	0.737113 0.300841
	0.742268 0.291043
	0.747423 0.281923
	0.752577 0.273038
	0.757732 0.265389
	0.762887 0.255510
	0.768041 0.246026
	0.773196 0.237194
	0.778351 0.227180
	0.783505 0.217654
	0.788660 0.207785
	0.793814 0.196279
	0.798969 0.187076
	0.804124 0.175645
	0.809278 0.164888
	0.814433 0.153775
	0.819588 0.142796
	0.824742 0.131693
	0.829897 0.120587
	0.835052 0.109520
	0.840206 0.098798
	0.845361 0.088160
	0.850515 0.076074
	0.855670 0.065300
	0.860825 0.054643
	0.865979 0.044815
	0.871134 0.033626
	0.876289 0.023566
	0.881443 0.014002
	0.886598 0.004094
	0.891753 -0.005780
	0.896907 -0.014785
	0.902062 -0.023991
	0.907216 -0.033439
	0.912371 -0.042118
	0.917526 -0.050889
	0.922680 -0.059631
	0.927835 -0.068249
	0.932990 -0.076883
	0.938144 -0.085881
	0.943299 -0.095561
	0.948454 -0.104477
	0.953608 -0.112985
	0.958763 -0.122303
	0.963918 -0.131258
	0.969072 -0.139952
	0.974227 -0.151584
	0.979381 -0.163546
	0.984536 -0.174205
	0.989691 -0.183815
	0.994845 -0.192115
	1.000000 -0.198856
/baseTrajectory
/component
component
rotationAxis 0.000000 1.000000 0.000000
baseTrajectory
	0.000000 -0.211536
	0.005155 -0.217437
	0.010309 -0.223784
	0.015464 -0.231886
	0.020619 -0.241181
	0.025773 -0.251790
	0.030928 -0.263479
	0.036082 -0.268128
	0.041237 -0.272405
	0.046392 -0.275717
	0.051546 -0.278606
	0.056701 -0.279852
	0.061856 -0.281060
	0.067010 -0.278232
	0.072165 -0.275265
	0.077320 -0.270417
	0.082474 -0.263899
	0.087629 -0.256389
	0.092784 -0.246768
	0.097938 -0.236624
	0.103093 -0.224965
	0.108247 -0.212785
	0.113402 -0.200247
	0.118557 -0.188027
	0.123711 -0.174679
	0.128866 -0.161935
	0.134021 -0.149541
	0.139175 -0.137532
	0.144330 -0.126034
	0.149485 -0.115101
	0.154639 -0.104821
	0.159794 -0.095072
	0.164948 -0.085999
	0.170103 -0.077506
	0.175258 -0.069686
	0.180412 -0.062494
	0.185567 -0.055924
	0.190722 -0.050043
	0.195876 -0.044719
	0.201031 -0.040013
	0.206186 -0.035975
	0.211340 -0.032469
	0.216495 -0.029493
	0.221649 -0.027044
	0.226804 -0.024975
	0.231959 -0.023508
	0.237113 -0.022469
	0.242268 -0.021773
	0.247423 -0.021361
	0.252577 -0.020958
	0.257732 -0.021245
	0.262887 -0.022188
	0.268041 -0.022616
	0.273196 -0.024064
	0.278351 -0.025253
	0.283505 -0.026424
	0.288660 -0.028637
	0.293814 -0.029692
	0.298969 -0.032355
	0.304124 -0.033817
	0.309278 -0.036034
	0.314433 -0.038381
	0.319588 -0.040829
	0.324742 -0.043507
	0.329897 -0.046947
	0.335052 -0.049390
	0.340206 -0.052972
	0.345361 -0.057447
	0.350515 -0.061086
	0.355670 -0.066474
	0.360825 -0.071854
	0.365979 -0.077164
	0.371134 -0.084015
	0.376289 -0.091667
	0.381443 -0.100258
	0.386598 -0.110433
	0.391753 -0.120621
	0.396907 -0.132964
	0.402062 -0.145895
	0.407216 -0.160255
	0.412371 -0.175708
	0.417526 -0.192251
	0.422680 -0.209911
	0.427835 -0.226774
	0.432990 -0.245100
	0.438144 -0.261859
	0.443299 -0.278700
	0.448454 -0.294843
	0.453608 -0.308715
	0.458763 -0.321750
	0.463918 -0.332573
	0.469072 -0.341649
	0.474227 -0.347448
	0.479381 -0.353272
	0.484536 -0.356010
	0.489691 -0.356132
	0.494845 -0.354559
	0.500000 -0.351375
	0.505155 -0.347024
	0.510309 -0.340593
	0.515464 -0.333455
	0.520619 -0.325816
	0.525773 -0.316994
	0.530928 -0.307556
	0.536082 -0.297839
	0.541237 -0.288187
	0.546392 -0.279038
	0.551546 -0.269385
	0.556701 -0.260264
	0.561856 -0.252139
	0.567010 -0.245105
	0.572165 -0.238521
	0.577320 -0.232678
	0.582474 -0.227875
	0.587629 -0.223567
	0.592784 -0.221229
	0.597938 -0.218733
	0.603093 -0.217187
	0.608247 -0.216402
	0.613402 -0.216399
	0.618557 -0.216939
	0.623711 -0.218267
	0.628866 -0.219965
	0.634021 -0.222111
	0.639175 -0.224441
	0.644330 -0.226877
	0.649485 -0.229401
	0.654639 -0.231895
	0.659794 -0.234415
	0.664948 -0.236273
	0.670103 -0.238130
	0.675258 -0.239650
	0.680412 -0.240886
	0.685567 -0.241713
	0.690722 -0.242242
	0.695876 -0.242475
	0.701031 -0.242464
	0.706186 -0.242254
	0.711340 -0.241873
	0.716495 -0.241446
	0.721649 -0.240992
	0.726804 -0.240454
	0.731959 -0.240018
	0.737113 -0.239664
	0.742268 -0.239411
	0.747423 -0.239229
	0.752577 -0.239148
	0.757732 -0.239553
	0.762887 -0.239705
	0.768041 -0.239778
	0.773196 -0.240973
	0.778351 -0.242185
	0.783505 -0.242003
	0.788660 -0.241851
	0.793814 -0.242617
	0.798969 -0.242919
	0.804124 -0.244706
	0.809278 -0.243918
	0.814433 -0.244118
	0.819588 -0.243906
	0.824742 -0.243787
	0.829897 -0.243282
	0.835052 -0.244067
	0.840206 -0.242417
	0.845361 -0.241237
	0.850515 -0.241523
	0.855670 -0.240789
	0.860825 -0.239963
	0.865979 -0.238235
	0.871134 -0.238069
	0.876289 -0.236954
	0.881443 -0.235362
	0.886598 -0.234147
	0.891753 -0.233282
	0.896907 -0.231607
	0.902062 -0.230139
	0.907216 -0.228850
	0.912371 -0.226944
	0.917526 -0.225164
	0.922680 -0.223243
	0.927835 -0.221283
	0.932990 -0.219151
	0.938144 -0.216861
	0.943299 -0.214615
	0.948454 -0.211995
	0.953608 -0.209128
	0.958763 -0.207014
	0.963918 -0.204603
	0.969072 -0.202175
	0.974227 -0.201549
	0.979381 -0.202223
	0.984536 -0.203333
	0.989691 -0.205177
	0.994845 -0.208099
	1.000000 -0.211536
/baseTrajectory
/component
component
rotationAxis 0.000000 0.000000 1.000000
baseTrajectory
	0.000000 0.058636
	0.005155 0.048731
	0.010309 0.037468
	0.015464 0.024313
	0.020619 0.009681
	0.025773 -0.006625
	0.030928 -0.024325
	0.036082 -0.036205
	0.041237 -0.048280
	0.046392 -0.060523
	0.051546 -0.072773
	0.056701 -0.085158
	0.061856 -0.098073
	0.067010 -0.108780
	0.072165 -0.119572
	0.077320 -0.129761
	0.082474 -0.139027
	0.087629 -0.147343
	0.092784 -0.155149
	0.097938 -0.161555
	0.103093 -0.166994
	0.108247 -0.171302
	0.113402 -0.174833
	0.118557 -0.177688
	0.123711 -0.179529
	0.128866 -0.180497
	0.134021 -0.180880
	0.139175 -0.180709
	0.144330 -0.180036
	0.149485 -0.178814
	0.154639 -0.178583
	0.159794 -0.175279
	0.164948 -0.173067
	0.170103 -0.170985
	0.175258 -0.168027
	0.180412 -0.164850
	0.185567 -0.161534
	0.190722 -0.158142
	0.195876 -0.154775
	0.201031 -0.151338
	0.206186 -0.147907
	0.211340 -0.144470
	0.216495 -0.141165
	0.221649 -0.137878
	0.226804 -0.134831
	0.231959 -0.131692
	0.237113 -0.128741
	0.242268 -0.126021
	0.247423 -0.123585
	0.252577 -0.121565
	0.257732 -0.119498
	0.262887 -0.117360
	0.268041 -0.116133
	0.273196 -0.114541
	0.278351 -0.113587
	0.283505 -0.113020
	0.288660 -0.112126
	0.293814 -0.112439
	0.298969 -0.112024
	0.304124 -0.112357
	0.309278 -0.112983
	0.314433 -0.113715
	0.319588 -0.114744
	0.324742 -0.115975
	0.329897 -0.117101
	0.335052 -0.119085
	0.340206 -0.121276
	0.345361 -0.123104
	0.350515 -0.125679
	0.355670 -0.127984
	0.360825 -0.130552
	0.365979 -0.133544
	0.371134 -0.137026
	0.376289 -0.140471
	0.381443 -0.144221
	0.386598 -0.148385
	0.391753 -0.152397
	0.396907 -0.156868
	0.402062 -0.161350
	0.407216 -0.165966
	0.412371 -0.170615
	0.417526 -0.175115
	0.422680 -0.179965
	0.427835 -0.183504
	0.432990 -0.187921
	0.438144 -0.190841
	0.443299 -0.193979
	0.448454 -0.197103
	0.453608 -0.198839
	0.458763 -0.200583
	0.463918 -0.201843
	0.469072 -0.202921
	0.474227 -0.203283
	0.479381 -0.202663
	0.484536 -0.202856
	0.489691 -0.200468
	0.494845 -0.198860
	0.500000 -0.196585
	0.505155 -0.194014
	0.510309 -0.190473
	0.515464 -0.186662
	0.520619 -0.182770
	0.525773 -0.178005
	0.530928 -0.172777
	0.536082 -0.167042
	0.541237 -0.161156
	0.546392 -0.154062
	0.551546 -0.148355
	0.556701 -0.141109
	0.561856 -0.134340
	0.567010 -0.127111
	0.572165 -0.120206
	0.577320 -0.113475
	0.582474 -0.107273
	0.587629 -0.100896
	0.592784 -0.094871
	0.597938 -0.088981
	0.603093 -0.083375
	0.608247 -0.077973
	0.613402 -0.074027
	0.618557 -0.069389
	0.623711 -0.065341
	0.628866 -0.061341
	0.634021 -0.057519
	0.639175 -0.053728
	0.644330 -0.049884
	0.649485 -0.046060
	0.654639 -0.042091
	0.659794 -0.036651
	0.664948 -0.034012
	0.670103 -0.029948
	0.675258 -0.025762
	0.680412 -0.021124
	0.685567 -0.017116
	0.690722 -0.013371
	0.695876 -0.009838
	0.701031 -0.006543
	0.706186 -0.003511
	0.711340 -0.001196
	0.716495 0.001741
	0.721649 0.003400
	0.726804 0.005568
	0.731959 0.006589
	0.737113 0.008047
	0.742268 0.008553
	0.747423 0.009107
	0.752577 0.009403
	0.757732 0.009208
	0.762887 0.009001
	0.768041 0.008803
	0.773196 0.007235
	0.778351 0.006232
	0.783505 0.006176
	0.788660 0.005847
	0.793814 0.004100
	0.798969 0.004052
	0.804124 0.002220
	0.809278 0.001864
	0.814433 0.001362
	0.819588 0.001116
	0.824742 0.000988
	0.829897 0.001103
	0.835052 0.001038
	0.840206 0.001839
	0.845361 0.002789
	0.850515 0.003520
	0.855670 0.004652
	0.860825 0.006149
	0.865979 0.008048
	0.871134 0.010080
	0.876289 0.012441
	0.881443 0.015220
	0.886598 0.018297
	0.891753 0.021626
	0.896907 0.025380
	0.902062 0.029412
	0.907216 0.033529
	0.912371 0.038082
	0.917526 0.042817
	0.922680 0.047647
	0.927835 0.052557
	0.932990 0.057466
	0.938144 0.062181
	0.943299 0.067030
	0.948454 0.071398
	0.953608 0.075459
	0.958763 0.078792
	0.963918 0.081507
	0.969072 0.083603
	0.974227 0.083718
	0.979381 0.081932
	0.984536 0.078500
	0.989691 0.073324
	0.994845 0.066754
	1.000000 0.058636
/baseTrajectory
/component
/trajectory

